amazon-instant-video.csv,-1.13706374168396,-0.7023215889930725,1.65950608253479,-1.6290650367736816,0.34795621037483215,1.305863618850708,-0.3777937591075897,-0.37299418449401855,-0.6698644161224365,0.23847270011901855,1.4720337390899658,-1.0516960620880127,-1.4521971940994263,-0.5005311369895935,0.6452658772468567,0.3159935474395752,-0.2637512683868408,1.960677146911621,-0.22567327320575714,-0.31623491644859314,-0.24345681071281433,1.6382490396499634,-0.06792251765727997,-1.0785043239593506,-0.5485433340072632,1.5123684406280518,-0.2815489172935486,0.994390606880188,-1.2376799583435059,1.2084944248199463,-0.33469685912132263,0.7708249092102051,1.038221836090088,0.7935793399810791,2.562507390975952,1.6869263648986816,1.6538214683532715,-0.2684926390647888,-0.4890964925289154,0.9245240688323975,-0.4882398247718811,0.9605044722557068,-0.9834563136100769,0.26649242639541626,0.016136547550559044,-0.8513472676277161,0.3288871943950653,-0.08696991950273514,-1.1461894512176514,-0.4735609292984009,-0.3990638256072998,-1.3437232971191406,1.3483062982559204,-0.6419323086738586,-1.043520212173462,-1.279973030090332,0.3733099102973938,0.21715819835662842,-0.8688333034515381,-0.059447843581438065,-0.1030556857585907,-0.4308817386627197,0.6131895780563354,1.2645835876464844,0.683397650718689,-0.15893511474132538,0.7519168257713318,0.383946031332016,-0.09496650844812393,0.09386152774095535,-1.3995672464370728,1.0306305885314941,0.5109328031539917,-0.9756291508674622,-0.8774267435073853,-2.4142918586730957,0.05470703914761543,-3.396937131881714,-0.761563777923584,-1.1831728219985962,-1.3103277683258057,1.7634679079055786,-0.5977503657341003,-1.0441877841949463,-0.08234596252441406,1.1194723844528198,0.9627188444137573,0.5318242907524109,-0.15202578902244568,-0.6488016247749329,1.6519428491592407,0.2058468461036682,1.008423924446106,-0.5875439047813416,-1.4981080293655396,0.5765511393547058,0.968591034412384,-0.26305145025253296,0.10873855650424957,-1.6978774070739746,0.7308538556098938,-0.4598117172718048,-0.04134783521294594,-0.6788743138313293,-0.02954034134745598,-0.23025763034820557,0.024274885654449463,1.2164394855499268,-0.7480753064155579,-0.2540837824344635,0.41597941517829895,-1.4011836051940918,0.20382066071033478,-1.1001522541046143,0.18998083472251892,0.46691492199897766,-1.221544861793518,-0.08283126354217529,-0.8029794692993164,-1.1980024576187134,-1.405318260192871,-0.9484202861785889,-2.107795238494873,2.60369873046875,-0.9573382139205933,-1.0504323244094849,0.9003210663795471,-0.5025464296340942,-0.9688870310783386,0.5269997715950012,-0.49059242010116577,0.3268266022205353,0.051323987543582916,-0.139789879322052,0.9946692585945129,-0.3344857692718506,1.045270323753357,-0.9888353943824768,1.6442188024520874,0.5401605367660522,0.5804932713508606,-0.19234056770801544,0.324741393327713,0.45340946316719055,0.29267603158950806,-0.39216333627700806,-0.5218324661254883,-2.4494216442108154,0.3403952121734619,0.9782147407531738,-0.40415194630622864,-1.5534178018569946,0.2326265126466751,-1.1230721473693848,0.6905814409255981,-0.5959481000900269,1.4263297319412231,0.19283795356750488,0.5287082195281982,-1.417449712753296,0.869653046131134,0.26570871472358704,-0.7058897614479065,0.6465126276016235,-0.15574079751968384,-0.5139033794403076,-1.1262054443359375,-0.08698876202106476,2.3758091926574707,0.9605755805969238,0.38091129064559937,-0.7148676514625549,-1.9556472301483154,0.7380650639533997,0.7087734341621399,-2.4441592693328857,-0.9864519834518433,0.6792535185813904,1.4031968116760254,1.5267285108566284,-0.5308724641799927,-0.4126685559749603,-0.3495635688304901,1.2123661041259766,-1.0186965465545654,-0.24075189232826233,1.30239999294281,0.6110300421714783,1.6335625648498535,0.16226892173290253,-0.6928871273994446,-0.12925373017787933,-0.537439227104187,-0.05559750273823738,-0.9521584510803223,0.5636719465255737,-1.681733250617981,0.6223364472389221,0.6125842928886414,0.4532078504562378
amazon-baby.csv,-0.8498676419258118,-0.4285675287246704,0.2274085134267807,-0.30748751759529114,-0.208171546459198,0.725538969039917,-0.3405977189540863,-0.6834350824356079,0.0011776105966418982,0.09129413217306137,1.0147167444229126,-1.1927297115325928,0.20943906903266907,-0.16530247032642365,0.3358467221260071,0.3267907500267029,0.8819396495819092,2.013084888458252,0.10528137534856796,0.7784399390220642,-0.08951716870069504,1.2413537502288818,-0.7937575578689575,-0.8100064396858215,0.1061132475733757,1.066409945487976,0.953484296798706,0.3373510241508484,0.37802162766456604,1.018227219581604,-2.155874252319336,-0.10511414706707001,1.0041779279708862,-0.5055011510848999,1.9990540742874146,-0.293411523103714,0.5707996487617493,1.0486724376678467,-0.36914217472076416,-1.4668796062469482,0.06112365052103996,-0.049248795956373215,-0.7489258646965027,1.2543063163757324,1.4732040166854858,0.44661471247673035,-0.2784639596939087,0.7026434540748596,-1.341709852218628,-1.5512051582336426,-0.05712428316473961,-1.0361721515655518,1.1406991481781006,0.5653831362724304,-0.5383313894271851,-1.3240199089050293,-0.33442723751068115,-0.05478772521018982,0.2931392788887024,1.4247615337371826,-0.6002157330513,-0.3661317527294159,0.34390777349472046,0.7758049368858337,-0.12844619154930115,-0.08442752808332443,0.039680905640125275,1.2481064796447754,-1.8164119720458984,0.5857823491096497,-1.2412983179092407,0.9985098242759705,-0.6528961062431335,-1.7151241302490234,-0.6500841379165649,0.02600312978029251,0.6389977335929871,-2.1765501499176025,0.5997898578643799,-0.09391772001981735,-1.3245141506195068,0.8781343698501587,-0.35968074202537537,-0.8816124796867371,1.6593881845474243,1.0627670288085938,1.6912952661514282,-0.17129136621952057,0.2760718762874603,-0.6999660134315491,2.0880424976348877,-1.0809130668640137,-0.17332707345485687,0.9767817258834839,-0.4287240505218506,0.8722203373908997,0.8925222158432007,0.4884783923625946,0.5026926398277283,-1.042551875114441,-1.3870432376861572,-2.011531352996826,-0.13357391953468323,-0.7004870176315308,-0.38208916783332825,-1.3242181539535522,-0.08148598670959473,1.2455064058303833,0.027958303689956665,1.4560483694076538,0.10428901016712189,-0.26795217394828796,0.26633381843566895,0.6433020830154419,-0.6587316989898682,-0.9218157529830933,-0.20794764161109924,0.7661923170089722,2.474172353744507,0.4341557025909424,1.5283437967300415,-0.1960218846797943,-2.6422066688537598,2.6366348266601562,0.08587448298931122,1.9006582498550415,1.9270119667053223,1.0355019569396973,-0.7265751361846924,0.23796018958091736,-0.702433168888092,0.9913525581359863,-1.1032918691635132,0.43586668372154236,0.029132764786481857,-0.12419655174016953,0.7028384804725647,-0.5313677787780762,0.3195669651031494,-1.0836265087127686,0.1289840191602707,-0.9161590933799744,-0.7976800799369812,-1.0409140586853027,0.684333860874176,-2.4480059146881104,-0.9047619700431824,-2.6042332649230957,-0.12575437128543854,0.01052149198949337,1.2654467821121216,-0.8086406588554382,0.4130559265613556,-0.9014511108398438,-1.3602159023284912,-0.002203538315370679,1.6289923191070557,0.5201274156570435,-0.6484776735305786,-0.7876429557800293,0.040383871644735336,1.9165443181991577,-0.37217625975608826,1.4993035793304443,0.323434054851532,0.02005155198276043,-0.15401160717010498,0.3245711922645569,2.562972068786621,0.06789060682058334,0.36090460419654846,-0.18151631951332092,-1.4930840730667114,0.17171579599380493,0.0906270369887352,-1.0387951135635376,-1.465911626815796,-0.0680505558848381,1.7246664762496948,0.0010422652121633291,-1.1682709455490112,0.269244909286499,-0.2568295896053314,0.26981866359710693,0.5324543714523315,0.704300582408905,-0.051680292934179306,1.284155011177063,1.6488646268844604,-0.7692033052444458,-0.759456992149353,-0.4420057535171509,0.41916152834892273,-0.23915798962116241,-0.5318962931632996,0.007959854789078236,-1.8665871620178223,-1.9297819137573242,-0.6468653678894043,-0.04751751571893692
amazon-sports.csv,-0.7106490731239319,-1.6811069250106812,0.47864532470703125,-0.6247209310531616,-0.1826128512620926,-0.39975205063819885,-0.2650822103023529,0.24878603219985962,-0.7811001539230347,-0.430436909198761,1.2119337320327759,-1.7703415155410767,0.20306572318077087,0.7040014266967773,-0.08541427552700043,1.3507243394851685,0.8158043622970581,1.8591676950454712,1.636728048324585,1.0215237140655518,0.06726089864969254,0.6792596578598022,-0.7038684487342834,-0.027192993089556694,-0.8575916290283203,0.9127594232559204,1.834064245223999,0.3742813467979431,0.31599709391593933,0.15620575845241547,-1.654271125793457,-0.12247408181428909,1.2971863746643066,0.08739399909973145,1.5277247428894043,-0.3527688682079315,0.1380278468132019,0.7473501563072205,-0.4329613745212555,-0.9273548126220703,-0.3601239025592804,-0.25728750228881836,-0.6283613443374634,0.25058838725090027,0.3862762451171875,-0.6399202942848206,-0.27453288435935974,-0.5650568008422852,-2.0359134674072266,-0.8094065189361572,-0.9785751104354858,0.40606072545051575,0.969781756401062,-0.48170801997184753,-0.1807715743780136,-1.8499928712844849,-0.28878355026245117,-0.948093593120575,-1.1785093545913696,0.1528988480567932,-0.3768098056316376,-0.7402709126472473,0.4284522831439972,0.9398736953735352,1.6546672582626343,0.3856770098209381,0.21221637725830078,1.1422218084335327,-1.1640939712524414,0.07088225334882736,-1.3134866952896118,0.8108149170875549,-0.40000689029693604,-1.6503440141677856,-0.3104668855667114,-0.8370503783226013,-0.3589034080505371,-1.8589801788330078,0.5665464401245117,-0.8420721292495728,-0.8511148691177368,2.5678064823150635,-0.10928891599178314,-0.39096546173095703,0.3689853549003601,1.6660236120224,2.396454334259033,-0.14854560792446136,-0.2730077803134918,0.7169348001480103,2.028230667114258,-0.45251280069351196,-0.3615671694278717,-0.23300577700138092,0.2031552940607071,0.9397826194763184,1.0831784009933472,1.2263103723526,1.04269540309906,0.0013852677075192332,-0.9179880023002625,-1.6462171077728271,0.0677836686372757,0.3134126365184784,-1.181192398071289,-1.0414185523986816,1.0173052549362183,1.4856680631637573,0.2427772730588913,-0.27797186374664307,0.15737415850162506,-1.8520351648330688,0.9395996928215027,0.9023924469947815,0.4930146336555481,-0.6688576936721802,-0.28474584221839905,0.07646580040454865,-0.0822838768362999,0.05372857674956322,0.26684460043907166,-0.5771718621253967,-1.4822157621383667,2.0252606868743896,0.6268108487129211,0.5223385691642761,1.5249965190887451,-0.12099538743495941,-0.9597237706184387,0.4506581425666809,-1.7533375024795532,-0.33920785784721375,-0.48817580938339233,1.3336067199707031,-1.199720859527588,-0.5083703398704529,1.320732831954956,-0.34109893441200256,0.04253245145082474,0.5572347640991211,-0.3080151081085205,-0.4387984275817871,-1.3063465356826782,-0.5399725437164307,1.1455422639846802,-1.7720767259597778,-0.3480691909790039,-1.8854886293411255,-1.163795828819275,0.007357852533459663,1.217799425125122,-1.8031471967697144,1.3616595268249512,-1.3024566173553467,0.27778977155685425,0.3442092537879944,0.3924400508403778,0.48421329259872437,-0.9501043558120728,-0.37807804346084595,0.452264666557312,2.1964876651763916,-0.36547186970710754,1.4490396976470947,0.2614970803260803,-0.42439380288124084,1.2532637119293213,-0.06157359853386879,2.6870265007019043,-0.20368559658527374,-0.1080980896949768,-0.3075028359889984,-1.5175952911376953,1.3641437292099,-0.517859160900116,-0.9859275817871094,-1.944705605506897,0.49423739314079285,1.9239908456802368,-0.6280308961868286,-1.095513105392456,-0.024455782026052475,0.06608212739229202,0.7419241666793823,-0.3317900002002716,-2.3000290393829346,0.9617053270339966,0.01367291808128357,1.7844103574752808,-0.3483315408229828,-0.3678320646286011,-0.41435346007347107,1.477087140083313,0.13074809312820435,-0.34941375255584717,0.1647811383008957,-1.6943446397781372,-1.4984055757522583,-0.5469232797622681,-0.6502097249031067
tripadvisor.csv,0.03957754373550415,-0.6742293238639832,0.326879620552063,0.9564148187637329,0.5214754939079285,-0.7636611461639404,-0.7365531921386719,0.3819296956062317,0.005224746186286211,0.6825774908065796,0.6551762819290161,-0.23355092108249664,0.8754153847694397,0.8572092056274414,-0.25663718581199646,0.4729405343532562,0.4653974771499634,0.05129207298159599,1.3887780904769897,1.5369348526000977,0.3878779709339142,-0.3533788323402405,0.1771242320537567,-0.7819054126739502,-0.7348595857620239,0.9116185307502747,1.1819267272949219,1.3392412662506104,-0.11097074300050735,0.7453514933586121,0.3551807701587677,-0.09541233628988266,0.8631866574287415,-1.61241614818573,1.9456861019134521,0.23543047904968262,1.0648045539855957,0.7438455820083618,-1.2212073802947998,-0.8356476426124573,-0.6861070394515991,-0.22770650684833527,0.8807103037834167,-0.8084529638290405,0.523095965385437,-2.161283254623413,-0.02305068075656891,-0.21675312519073486,-0.8734384179115295,-1.5588539838790894,-0.16203023493289948,0.07694277167320251,1.4551621675491333,1.6964882612228394,-0.8029534220695496,-1.7396005392074585,0.31680265069007874,-0.2862548232078552,-0.6734615564346313,-0.0984262079000473,0.27134135365486145,-0.1870366334915161,1.508270025253296,1.0315957069396973,0.9677837491035461,0.4896627366542816,0.1693592369556427,0.528666615486145,0.344902902841568,-1.367499828338623,-0.8668245673179626,-0.1319701075553894,-0.2101464420557022,-1.0761592388153076,-0.8821703195571899,-1.0145936012268066,0.28957849740982056,-1.1544983386993408,0.2762114703655243,-1.3075631856918335,-0.49002668261528015,1.42690908908844,-0.9111011624336243,-2.432913064956665,0.9126327633857727,0.9399209022521973,2.6916983127593994,-0.4921838939189911,-0.8348810076713562,0.4735569655895233,1.8178144693374634,-0.6621130108833313,0.2849215865135193,-0.6408224701881409,0.866326630115509,1.3707468509674072,0.7529942393302917,0.3272813856601715,0.06873650848865509,0.8008893132209778,-0.7223745584487915,-0.5302109122276306,0.609637975692749,0.9006349444389343,-0.5656736493110657,-1.2540197372436523,0.8859866857528687,0.7321000099182129,-0.6185835599899292,-1.168353796005249,0.697474479675293,-1.4938243627548218,0.8461068272590637,-0.47717058658599854,0.5313679575920105,0.07364924997091293,-1.3208874464035034,-0.02314756251871586,0.5620729327201843,-0.5978538393974304,-0.3483371436595917,-1.1856763362884521,-2.2489371299743652,1.5289137363433838,2.231888771057129,1.67439866065979,1.4280014038085938,-0.023219292983412743,-1.338897705078125,0.6199284791946411,-1.6020088195800781,-0.2817027270793915,-0.8001055121421814,0.8687218427658081,-1.3471084833145142,-0.9549230933189392,0.8422734141349792,-0.10133501887321472,-0.08905079960823059,-0.3659074306488037,0.9175213575363159,-1.2858357429504395,-2.3638815879821777,0.24827420711517334,1.0764491558074951,-0.9129072427749634,-0.38610824942588806,-2.1756279468536377,-0.40251976251602173,0.09966333955526352,1.3691651821136475,-0.765017569065094,1.9997777938842773,-0.3969355821609497,-0.37540385127067566,1.1629661321640015,1.907156229019165,-0.9268179535865784,-1.6516093015670776,-0.06508561968803406,0.49387675523757935,1.9605883359909058,0.2853018045425415,-0.2616684138774872,0.23237945139408112,-0.8195598125457764,-0.3745790421962738,-0.2874533534049988,2.162076234817505,0.6950093507766724,-1.176425576210022,0.2523830831050873,-1.2275727987289429,1.4521368741989136,-0.23493976891040802,0.06843546032905579,-1.360893726348877,1.7227585315704346,2.0857295989990234,0.4975322484970093,-0.48572269082069397,-0.9474749565124512,0.28695449233055115,-0.1919459104537964,-0.24364031851291656,-0.5293868780136108,-0.4769623279571533,-0.8384428024291992,1.5991191864013672,0.27816689014434814,-0.057230718433856964,-0.2749517858028412,0.4619460999965668,-0.7924927473068237,0.9881178140640259,0.12872393429279327,-1.7413359880447388,-1.4162060022354126,1.3073034286499023,-0.8148174285888672
movielens_latest.csv,-0.5574247241020203,-0.5126992464065552,0.9615098834037781,-0.9331116676330566,0.7213574647903442,-1.1722908020019531,0.4982668161392212,-1.1747779846191406,0.44806167483329773,0.9679490923881531,0.7428022623062134,-1.1007871627807617,0.533183753490448,-0.29459404945373535,0.5785092115402222,0.6960051655769348,1.0321807861328125,1.7545127868652344,0.2634372413158417,0.8612222075462341,-1.0481321811676025,0.40730559825897217,-0.7730966210365295,-0.37411436438560486,0.14140264689922333,-0.21374858915805817,0.3865149915218353,2.0936484336853027,-0.8017702698707581,-0.47590190172195435,-1.3692914247512817,0.5524998903274536,0.059130214154720306,0.6978614926338196,2.213937997817993,-0.375661700963974,0.17100538313388824,2.086298942565918,-0.47618401050567627,-0.38092419505119324,-0.5467859506607056,0.4041861891746521,0.002063505118712783,-0.2574480473995209,0.449961394071579,-1.8097771406173706,-1.2778924703598022,0.6179726123809814,-1.7505850791931152,-0.29308560490608215,1.1044331789016724,-1.333229422569275,0.5660750269889832,0.9457931518554688,-0.22638510167598724,-0.5333054065704346,0.47763773798942566,-2.2298805713653564,-0.9252136945724487,-0.8648569583892822,0.4326118528842926,0.5092465877532959,1.8681179285049438,0.7773444652557373,0.3703603744506836,-0.32296159863471985,-1.6631919145584106,0.2871260643005371,0.6381432414054871,0.07547058910131454,-0.2226768285036087,0.24077390134334564,0.1552642583847046,-1.305627703666687,-0.6038090586662292,-0.452675461769104,0.7785206437110901,-1.324873685836792,-1.0056967735290527,-0.3860161602497101,-1.1086739301681519,-0.34540265798568726,0.7382257580757141,-0.3247271776199341,0.6460176110267639,0.17925670742988586,0.2702121436595917,1.4693474769592285,-0.15225331485271454,-0.2754098176956177,1.6942988634109497,-1.118050456047058,0.21938684582710266,-1.724387764930725,-0.27058035135269165,0.8712154030799866,2.3813893795013428,-1.3050047159194946,-1.091389775276184,-1.3381849527359009,-0.5876842141151428,0.49425509572029114,0.3475370407104492,-0.11958906054496765,-0.7719414234161377,-0.8627669811248779,2.0262374877929688,-1.457168459892273,0.10475355386734009,-0.21134182810783386,-0.026539448648691177,0.2390483319759369,0.8029336929321289,1.0052516460418701,-0.21965943276882172,-2.362131357192993,-0.2758067846298218,-1.322791337966919,-0.6773627996444702,-0.8384572863578796,-0.24190202355384827,-1.2896325588226318,-1.4440124034881592,2.908015489578247,-0.03715759143233299,-0.06600484997034073,-1.3927537202835083,1.1579537391662598,-1.8656343221664429,-0.10892040282487869,1.0264731645584106,-1.4308713674545288,-0.3396904766559601,0.11761382222175598,-0.683586835861206,-0.47975027561187744,0.6821534037590027,1.3752045631408691,0.09584566950798035,-0.38312581181526184,-1.6687486171722412,-1.3152172565460205,-1.075208067893982,2.342977285385132,1.8348429203033447,0.5576147437095642,0.008363799192011356,-1.5979878902435303,0.7696569561958313,0.49285244941711426,0.670478880405426,-0.8514183163642883,-0.7847115993499756,-0.25882861018180847,-0.6613918542861938,-0.4622116982936859,1.022559404373169,-1.2024712562561035,0.15693414211273193,0.318149596452713,0.6586490273475647,1.0530743598937988,-0.9637140035629272,0.7849619388580322,0.30952340364456177,-0.43277788162231445,-1.0974721908569336,1.1881624460220337,2.772228717803955,0.2157004177570343,0.21101725101470947,-0.5978489518165588,-1.4737621545791626,1.6930850744247437,-1.2912827730178833,-0.114481121301651,0.09085811674594879,0.26584967970848083,-0.10436262935400009,-0.6982383131980896,-0.8428863883018494,0.5869430899620056,0.29974499344825745,1.1259461641311646,-0.685703694820404,-0.12340797483921051,1.3234208822250366,-0.21283429861068726,2.5032033920288086,-0.28836411237716675,0.37189289927482605,0.6196662783622742,0.6564748883247375,-0.7100396752357483,-0.35989415645599365,0.23320166766643524,-2.2625346183776855,0.0830104798078537,0.08900186419487,-0.8778225779533386
jester3.csv,-1.1301217079162598,0.7005948424339294,0.4658380150794983,-0.3114364445209503,2.707402467727661,-0.7062982320785522,1.4913746118545532,-0.8104570508003235,0.006822464056313038,0.7663509249687195,0.1499778777360916,-0.7750422954559326,-0.330659955739975,-1.0866726636886597,-0.46498337388038635,0.7273293137550354,1.0673332214355469,0.9872473478317261,1.2103289365768433,2.076176404953003,-0.4274948835372925,-0.5121496319770813,0.025075828656554222,-0.4056563973426819,-0.7819914221763611,-0.3407898247241974,1.4479328393936157,0.11029373854398727,-1.659307837486267,-0.68025141954422,-1.9112259149551392,0.8448159694671631,0.9710627198219299,-0.05650629848241806,1.901047706604004,0.13994558155536652,1.8871999979019165,0.4905118942260742,-0.42806515097618103,-0.23334811627864838,-1.0546386241912842,-1.1092891693115234,0.514981746673584,-0.2844749093055725,0.40116626024246216,-0.4179944097995758,0.8824402093887329,-0.17029157280921936,-1.5806273221969604,-1.8629653453826904,-1.0807594060897827,-0.04504688084125519,1.2208991050720215,-0.7242153286933899,-0.046400316059589386,-0.8494653105735779,-0.4365786612033844,-0.16803419589996338,-0.7815231084823608,0.09896935522556305,0.6113768219947815,-0.6659960746765137,0.04241808131337166,0.9913179874420166,-0.09315568953752518,-0.0007909975247457623,-0.03893445432186127,1.0147281885147095,0.2079123854637146,0.7061650156974792,1.2459958791732788,-0.2114095538854599,-0.3410457372665405,-1.6424206495285034,-0.1186964139342308,-0.6578477025032043,-0.9422171711921692,-1.9368627071380615,-1.612537145614624,-0.44049885869026184,0.5902245044708252,0.4893656075000763,0.8408902883529663,0.6251922845840454,0.7252193093299866,0.3979546129703522,1.1386160850524902,0.14047613739967346,-0.8332403898239136,-1.3092305660247803,1.4954339265823364,0.560832142829895,0.7851475477218628,-2.0715391635894775,0.9449953436851501,1.230299711227417,2.465735912322998,0.8098596930503845,-0.6764726638793945,-0.6569231152534485,-0.7947574853897095,-0.4137588143348694,-1.4501972198486328,-0.29000112414360046,-0.38968223333358765,-0.917388916015625,1.4132113456726074,1.0449011325836182,-2.4426751136779785,-1.0315406322479248,1.4974347352981567,-0.9666709899902344,1.6805593967437744,0.3350415825843811,0.5995821952819824,-2.3274002075195312,-0.19445323944091797,0.3170102834701538,0.15464507043361664,-0.7068021297454834,0.3410114645957947,-0.01764129102230072,-1.3390802145004272,1.7033979892730713,1.2024122476577759,-0.7552025318145752,-1.09715735912323,0.46459656953811646,-2.0766584873199463,-1.0604416131973267,-1.6754878759384155,-0.6892923712730408,1.0497020483016968,0.9746392369270325,-1.1167644262313843,-0.8279426693916321,0.5867398381233215,-1.111266851425171,0.7196381688117981,0.1993713527917862,-0.10779407620429993,-0.11042342334985733,-0.6795156598091125,0.8485656380653381,0.18050137162208557,-0.44416195154190063,-0.9415942430496216,-2.209535837173462,0.35725849866867065,-0.13506709039211273,0.9333198070526123,-1.0161255598068237,1.7696913480758667,-0.6161790490150452,0.9151177406311035,0.27288535237312317,1.0142192840576172,-1.844303846359253,0.7340905070304871,-0.7850279808044434,-0.32934287190437317,0.9798586368560791,0.362773597240448,0.7150379419326782,1.147331953048706,-0.298335999250412,-1.2305799722671509,0.49409520626068115,1.4318146705627441,-0.31120020151138306,-0.6368348598480225,0.2873176634311676,0.2713199555873871,0.864126980304718,-1.6000032424926758,0.5376931428909302,-1.454982876777649,1.454087257385254,1.4566291570663452,1.5519191026687622,-1.2873778343200684,0.7092357873916626,0.18110786378383636,0.5165694952011108,0.8897122144699097,-0.5567997694015503,1.3707939386367798,0.10303279757499695,2.21321439743042,-0.19889438152313232,-0.11654768884181976,-0.33015212416648865,-0.5961094498634338,-0.207303985953331,-0.26664647459983826,0.9281868934631348,-0.9775393009185791,0.27606990933418274,0.8384677767753601,-0.3022606372833252
amazon-phones.csv,-0.01899235136806965,-0.6054491400718689,0.62514728307724,-1.4783992767333984,1.0498239994049072,-0.5043465495109558,-0.44747394323349,-0.20025761425495148,0.6527761220932007,-0.015719609335064888,1.6155674457550049,-0.49037766456604004,0.8408393859863281,-1.2721728086471558,-0.013424741104245186,-0.5726349949836731,1.738360047340393,2.384852886199951,1.083891749382019,-0.11374574154615402,0.41157642006874084,1.0445539951324463,-0.06115091219544411,-1.096097707748413,-0.12851837277412415,0.6946640610694885,1.341536283493042,0.19256508350372314,0.4293347895145416,1.2013543844223022,-1.4843202829360962,0.3999994397163391,1.2503865957260132,-0.45987293124198914,1.8084253072738647,-0.16977664828300476,0.5500661134719849,0.2114848494529724,0.08869034051895142,0.20974422991275787,-0.786584734916687,-0.5497813820838928,-1.4205541610717773,0.5872611999511719,-0.8452848196029663,-1.5028297901153564,0.7435732483863831,-0.8717090487480164,-0.47720175981521606,-0.6210552453994751,1.0728263854980469,-0.22385859489440918,1.291879415512085,-0.542388379573822,-0.3782459497451782,-1.0297561883926392,-0.4440506100654602,-0.6615926027297974,0.3229009211063385,1.1390339136123657,-0.48177507519721985,-1.0003902912139893,0.3328442871570587,-0.02683323062956333,0.7982942461967468,-0.2023623287677765,-0.7885680794715881,-0.12012550234794617,-0.6025230288505554,0.5263465046882629,1.7337454557418823,0.26477697491645813,0.3486608564853668,-1.7079905271530151,-0.08422573655843735,0.041480183601379395,0.4235684275627136,-2.2495508193969727,-0.9402387738227844,0.1275758445262909,-2.1641974449157715,1.7048496007919312,1.16755211353302,-0.9350757598876953,1.2357121706008911,2.050687313079834,1.742816686630249,-0.19454625248908997,-1.0792057514190674,-0.31529736518859863,1.3734581470489502,0.12628421187400818,1.232208013534546,-1.3150779008865356,-1.9688884019851685,-0.8633096218109131,2.0656797885894775,0.19699035584926605,-0.3208639323711395,-0.8503347635269165,-0.2061801552772522,-0.32634127140045166,-1.1965700387954712,0.4333760142326355,-1.1775670051574707,0.4451501667499542,-0.9388956427574158,0.5661749839782715,-0.15943950414657593,-0.9553422927856445,0.1917017251253128,-1.5901939868927002,1.234747290611267,0.30539631843566895,-1.6272293329238892,0.018894731998443604,-0.7780516743659973,0.5975385308265686,-0.5920445919036865,-0.4726581871509552,0.2678873836994171,-1.819802165031433,-2.1658687591552734,2.378779411315918,0.9941302537918091,1.1401230096817017,-0.03328234702348709,1.5656148195266724,-1.3527483940124512,0.15970870852470398,-0.3831975758075714,-0.6369106769561768,-0.6692764759063721,-0.27160680294036865,-1.434738039970398,-0.5370273590087891,1.5652692317962646,-0.029984140768647194,0.5320189595222473,0.41541022062301636,-0.4119786024093628,0.406438410282135,-1.325021743774414,-0.4346942603588104,1.4498416185379028,-1.2110668420791626,0.01092611439526081,-1.175216794013977,0.33381935954093933,-0.6785658597946167,-0.05002301186323166,-1.462231159210205,0.06688479334115982,-1.832722783088684,-0.7865135073661804,1.041285753250122,1.748214602470398,-0.6705453991889954,-0.6888366341590881,-1.2393370866775513,-0.10256801545619965,0.975375771522522,-0.3660981357097626,1.1521958112716675,1.0226752758026123,-0.7900611162185669,0.060116808861494064,0.4505084156990051,1.3890284299850464,0.5198352336883545,0.9771609902381897,-0.1668902486562729,-1.96036958694458,0.2559049427509308,-0.42348456382751465,-1.1676064729690552,-2.4120032787323,0.7798995971679688,1.2329283952713013,1.102661371231079,0.2617797553539276,-0.02870986983180046,-0.3771616816520691,1.1949248313903809,-0.2599685490131378,-1.1378945112228394,1.636549949645996,0.6850587129592896,1.9583605527877808,0.28859615325927734,-0.04665548726916313,0.4404742121696472,-1.5261797904968262,-0.02814188040792942,0.818041980266571,0.11175006628036499,-1.736202359199524,-0.9111409783363342,-0.3821001946926117,0.09280266612768173
amazon-cd.csv,-1.0148471593856812,-1.6320887804031372,1.1008191108703613,-0.5418791174888611,0.7667859196662903,-0.3042977750301361,0.1350494623184204,0.4367210566997528,1.6946853399276733,-0.1568743884563446,1.1041234731674194,-1.4990599155426025,0.19350485503673553,-0.24401551485061646,0.818545937538147,-0.425275981426239,0.7340973615646362,0.8500314354896545,0.9982491731643677,1.253717303276062,-0.17471574246883392,0.4173309803009033,-1.0748872756958008,-0.7282533049583435,-1.5619574785232544,1.287718415260315,1.4498817920684814,0.720826268196106,1.7440285682678223,-0.04319552704691887,-1.4448708295822144,0.7498099207878113,1.019809603691101,-0.2016182690858841,2.81740403175354,-0.13197974860668182,1.0215840339660645,-0.4123096168041229,-0.6009153723716736,-0.07668959349393845,-1.3220813274383545,-0.4478076100349426,-0.20768973231315613,-0.1531631052494049,0.545335590839386,-2.14350962638855,-0.31715020537376404,-1.7652078866958618,-1.615574598312378,-0.9769195914268494,0.01725476048886776,-1.007698655128479,0.8485656380653381,-0.6756757497787476,-0.5408518314361572,-0.72724449634552,-0.8085923194885254,-0.4007905423641205,-0.07020354270935059,0.20319053530693054,0.3702213168144226,0.3215746283531189,2.026310682296753,0.6091597676277161,0.3297082483768463,1.6148074865341187,-1.0445915460586548,0.08561605215072632,-1.194095492362976,-0.0312957838177681,-0.2930432856082916,0.6920528411865234,0.5252169370651245,-0.9723487496376038,-1.0563369989395142,-1.3167840242385864,-0.06826675683259964,-2.2449305057525635,0.7552019953727722,-0.3444896936416626,-1.3492447137832642,0.35825324058532715,0.17656800150871277,-0.8866526484489441,1.1238512992858887,1.0834976434707642,2.7785346508026123,0.6098518967628479,-0.14131921529769897,0.5087540745735168,1.15864896774292,0.04924817383289337,0.7336999773979187,-1.7626416683197021,-0.07772017270326614,1.4176079034805298,1.396809458732605,1.56778883934021,1.1429591178894043,-0.5146043300628662,0.6073026657104492,-0.9332264065742493,0.03855416923761368,-0.687275230884552,0.6588966250419617,-0.9314652681350708,-0.028130939230322838,0.31353744864463806,-0.09922660142183304,-0.5924795866012573,0.2512635588645935,-1.0406416654586792,1.4471203088760376,-0.7718514800071716,-0.9709608554840088,0.5451449751853943,0.4739171862602234,0.46284937858581543,-0.06677861511707306,0.22883346676826477,0.32326540350914,-2.5240044593811035,-1.4589807987213135,1.668982982635498,0.49601617455482483,2.3271942138671875,1.8799058198928833,0.28048175573349,-1.0141891241073608,1.4063862562179565,-0.5662933588027954,0.09200789034366608,-0.3998173475265503,0.5310810208320618,-0.24117642641067505,-0.715901792049408,0.6489542126655579,-0.8266757130622864,0.22619707882404327,0.4215167760848999,0.8682443499565125,-1.2525898218154907,-1.0506731271743774,-0.24726265668869019,0.3451831340789795,-1.1123332977294922,0.7221503257751465,-2.6423397064208984,-0.05543885752558708,-0.2402549833059311,-0.026824822649359703,-0.936982274055481,2.557406425476074,-0.939816951751709,-0.5449216365814209,0.7294929027557373,0.8980661034584045,0.34405961632728577,-1.0063353776931763,-0.9571621417999268,0.2048283964395523,0.9597224593162537,-0.7024649381637573,1.8359092473983765,1.1852378845214844,0.12674860656261444,0.28904595971107483,0.23693150281906128,1.7584425210952759,0.8271623849868774,-0.6425670981407166,-0.3096298575401306,-2.325904130935669,-0.3743613362312317,-0.0436362624168396,-0.37557509541511536,-1.4306563138961792,0.6717965602874756,0.8182253241539001,0.9977229237556458,-1.6721388101577759,-0.5595659613609314,-0.8073157668113708,0.466908723115921,0.37055978178977966,-0.4808472990989685,0.8291086554527283,-0.035056281834840775,1.9791289567947388,-0.02949981391429901,-0.574737012386322,-0.13375528156757355,-0.38700050115585327,-0.32712534070014954,0.658380925655365,-0.5021246671676636,-0.9920316934585571,-1.199265480041504,-0.6287277340888977,-0.15240328013896942
amazon-kindle.csv,-0.5383442640304565,-1.5576037168502808,0.7179158329963684,-0.3947334587574005,1.1238495111465454,-0.7893725633621216,0.1727256029844284,0.3427089750766754,-0.4516375660896301,-0.3613368272781372,0.974238932132721,-1.4582617282867432,1.8508652448654175,0.032582011073827744,-0.27758464217185974,0.4844970703125,0.8199000954627991,1.1587740182876587,2.576627492904663,1.2370275259017944,0.488050252199173,-0.3652545213699341,-1.158639907836914,-1.2709732055664062,-0.40330901741981506,0.7516308426856995,0.9006329774856567,0.3389894664287567,0.005127346608787775,0.3736356496810913,0.12484971433877945,0.9864605665206909,0.6286122798919678,-0.8570094704627991,1.4211229085922241,0.924309253692627,0.529309868812561,0.5074465274810791,-0.33926689624786377,-0.3185841143131256,-0.6253024935722351,-0.7390427589416504,-1.833958625793457,1.3273206949234009,0.8201812505722046,-2.247981071472168,-0.11096709221601486,-0.7898992896080017,-1.8230957984924316,0.42826932668685913,-0.027855681255459785,-0.43165281414985657,1.629308819770813,0.16423898935317993,-1.4232786893844604,-1.234723687171936,-0.0924135148525238,-0.27318134903907776,0.1172567680478096,-1.1968587636947632,-0.1187669187784195,-0.5589327216148376,0.11633356660604477,-0.8820398449897766,1.3419532775878906,-0.2765709459781647,0.7429084181785583,0.061527788639068604,0.15382073819637299,-1.0300885438919067,0.12412494421005249,-0.1979469358921051,0.3919471800327301,-2.1994223594665527,-0.25522735714912415,-1.076643466949463,0.24145132303237915,-2.0270841121673584,0.5916253924369812,0.6716629862785339,-1.9526543617248535,0.6314204931259155,-0.45433083176612854,-1.1954870223999023,0.012461149133741856,0.827499508857727,2.049165964126587,-0.3847275972366333,0.12762194871902466,0.029068583622574806,1.7453993558883667,0.042707107961177826,1.627914309501648,-2.1617891788482666,-0.5041818618774414,1.9987190961837769,0.7673037052154541,0.22723165154457092,0.2619185447692871,0.17977239191532135,-0.2996390759944916,-1.3612359762191772,-0.6936450004577637,0.4432680606842041,-0.8070253133773804,0.35882022976875305,1.0612784624099731,1.9126949310302734,0.27343323826789856,-1.588287591934204,1.1933975219726562,-2.134972095489502,0.7674870491027832,-0.05558357015252113,-0.00958248134702444,-0.34982213377952576,-0.270486980676651,1.973844289779663,0.10491833835840225,0.009070501662790775,-0.49364835023880005,-1.5524418354034424,-1.971549153327942,1.6177396774291992,0.10730773210525513,1.1872705221176147,0.6895557641983032,0.8885228037834167,-1.407718539237976,0.35514795780181885,-1.0544384717941284,-1.286715030670166,0.5959714651107788,0.29749664664268494,-0.38009700179100037,-0.8782908320426941,1.1661748886108398,-0.37920331954956055,0.9218929409980774,-0.6887245774269104,2.0929393768310547,0.5663368105888367,-1.3533934354782104,0.37821295857429504,0.8010734915733337,-1.8000493049621582,-0.3639947772026062,-1.3310879468917847,-0.040961138904094696,-0.17486369609832764,0.975744366645813,-0.6110451221466064,0.30386391282081604,-0.08530263602733612,0.6313216686248779,1.275479793548584,1.397603988647461,-0.7950541973114014,-0.8022080063819885,0.3699598014354706,-0.6451974511146545,0.5703102350234985,-0.9222690463066101,0.6214540600776672,0.6341638565063477,-0.479174941778183,0.042525626718997955,-0.37757912278175354,2.4275081157684326,-0.46997585892677307,-0.22220484912395477,-0.062487322837114334,-2.1429147720336914,1.1710416078567505,-0.4512774348258972,-0.14760667085647583,-1.973771572113037,-0.7566491365432739,0.79942387342453,-0.5024800896644592,-0.6534913182258606,-0.20120865106582642,0.6174166202545166,0.5109668374061584,-0.5588929057121277,-0.7489272952079773,0.09820760786533356,-0.01690012216567993,1.5891642570495605,0.9772117733955383,0.3281136453151703,0.508741557598114,-0.7792032361030579,-0.11884202808141708,0.20077048242092133,-1.9147907495498657,-2.5551705360412598,-0.7908393740653992,-0.40511777997016907,0.8548192977905273
flixter.csv,-0.6308256387710571,0.2896691560745239,-0.40481048822402954,0.27390241622924805,-0.4415559768676758,-1.354610800743103,0.7180904746055603,0.07575973123311996,0.47639334201812744,-0.06274831295013428,1.339998722076416,-1.7897177934646606,1.2355146408081055,0.23035959899425507,-1.0577528476715088,-0.33440345525741577,1.1545953750610352,0.26092222332954407,-0.6735832095146179,2.023838996887207,-1.4324536323547363,0.3034093379974365,-0.7972148060798645,-0.21252547204494476,-0.16435925662517548,-1.212340235710144,0.17729368805885315,1.8467222452163696,-1.6854254007339478,-0.17633216083049774,-0.7159782648086548,0.7693777680397034,1.1654446125030518,-0.529552161693573,1.257105827331543,-0.1465737372636795,2.609200954437256,1.479950189590454,-0.25059738755226135,0.23533207178115845,-0.448687881231308,0.006241265684366226,-0.6565605998039246,0.0030337083153426647,-0.31265366077423096,-0.4715336263179779,-1.3512381315231323,0.7681926488876343,-1.1922563314437866,0.5102968811988831,0.5421192049980164,-0.13525137305259705,2.7904038429260254,0.626725971698761,-0.041891809552907944,-0.17177613079547882,-0.6173647046089172,0.36094406247138977,-0.19506636261940002,-0.8925781846046448,-0.8107388615608215,0.369528204202652,1.4057918787002563,0.9747477769851685,1.856070637702942,0.16396982967853546,0.3331895172595978,0.9418317079544067,0.19742964208126068,1.069176435470581,-0.7331567406654358,1.0122060775756836,0.4973834753036499,-2.0359880924224854,-1.2888224124908447,-0.6431922316551208,-0.1531994640827179,-2.1387338638305664,-1.017073631286621,-0.832585334777832,0.6310420036315918,0.9145484566688538,1.1910985708236694,-0.3483096659183502,0.8919299840927124,0.169719398021698,0.2445489466190338,0.4322793781757355,0.761305570602417,-0.39540791511535645,0.9338641166687012,-1.2698696851730347,0.4155629575252533,-0.7263561487197876,-0.2444935142993927,-0.2802712321281433,3.9021155834198,1.1502186059951782,-0.6051669120788574,-0.5298013687133789,0.11996051669120789,-1.4342474937438965,-1.9145057201385498,0.2530626058578491,0.4928377866744995,-1.0090774297714233,0.9856579303741455,0.5962886214256287,-1.6257401704788208,1.5080673694610596,-0.44949430227279663,-0.614837110042572,1.2066844701766968,0.8566780090332031,-1.5246318578720093,-0.5694983601570129,-0.681622326374054,0.36335358023643494,-0.04049566388130188,-0.00497915456071496,-0.09346393495798111,-0.42495542764663696,-1.577457070350647,1.1650383472442627,1.1201839447021484,0.5801687836647034,-0.12304986268281937,0.13283392786979675,-0.6394200325012207,-0.662561297416687,-0.8416616916656494,0.07679082453250885,-0.9504889249801636,0.6191497445106506,-0.24383023381233215,0.44191792607307434,-0.2648811936378479,-0.7756723761558533,1.2902603149414062,0.6225176453590393,-1.5961146354675293,-0.33594539761543274,-2.615723133087158,0.6142854690551758,1.3883881568908691,-1.0937179327011108,0.2558582127094269,-0.9401560425758362,0.5519899129867554,1.9735074043273926,-0.7833431959152222,-1.843749761581421,-0.842333972454071,0.14383994042873383,0.5789051651954651,-0.46158191561698914,1.0931826829910278,-0.891937255859375,0.9425816535949707,0.45055311918258667,-0.6229166388511658,0.751979649066925,-1.0291234254837036,1.1124451160430908,1.2053951025009155,-2.1014657020568848,0.273590087890625,-0.21650631725788116,0.680084764957428,0.46379023790359497,1.0250836610794067,-0.7248678803443909,-1.345493197441101,1.019606113433838,-0.03783612698316574,-1.8862156867980957,-0.7558850049972534,1.1902523040771484,0.3365684151649475,-0.5086249709129333,0.2522342801094055,-0.29479706287384033,-1.6031970977783203,-0.42137038707733154,1.9267016649246216,-0.4903377592563629,-0.030756326392292976,-0.4767463505268097,1.6062588691711426,0.07128621637821198,-0.29542335867881775,1.0552828311920166,2.0256309509277344,1.0797255039215088,-0.6296843886375427,-0.038577668368816376,0.2184893786907196,-0.5715469717979431,0.3301810026168823,-0.526533305644989
amazon-digital-music.csv,-0.8554193377494812,-0.9685657024383545,0.4863968789577484,-1.9450888633728027,0.29973581433296204,-0.4444938004016876,0.6267204880714417,-0.1371610313653946,0.16535557806491852,0.03046935610473156,0.4409902095794678,-0.614086389541626,-0.8836478590965271,0.2699816823005676,-0.25961944460868835,0.7182048559188843,1.9074976444244385,2.0477895736694336,2.2176294326782227,1.1140145063400269,1.4086809158325195,1.5961614847183228,-0.33771732449531555,-0.4352741241455078,-0.1316169947385788,0.968289852142334,0.3305748999118805,0.30680549144744873,-0.2481052279472351,1.1509639024734497,-1.3124339580535889,1.0937436819076538,0.31600987911224365,-1.3230853080749512,1.2825208902359009,0.5159229040145874,0.3712632954120636,-0.0031988811679184437,-0.16768212616443634,-0.3305472731590271,-0.16159546375274658,0.43244054913520813,-0.495883047580719,0.763877809047699,0.3823816776275635,-0.03265136107802391,-0.41269102692604065,-0.4919000267982483,-2.591139078140259,-0.9868295192718506,0.574292004108429,-0.08772195875644684,-0.19758960604667664,0.35878777503967285,-0.686489462852478,-1.5646233558654785,0.6807527542114258,-0.574141263961792,-0.7245764136314392,0.32926732301712036,1.1442654132843018,-0.3712770342826843,0.14862945675849915,0.8383097052574158,0.49163925647735596,0.6161888241767883,0.5515413880348206,0.3561660051345825,-0.22822530567646027,0.3869040012359619,-0.8291497230529785,2.061075210571289,0.3344070017337799,-0.8774290680885315,-1.0487607717514038,-0.9330897331237793,-0.2527138590812683,-2.6151750087738037,-0.20506088435649872,0.8446733355522156,-0.684715986251831,1.8020672798156738,-0.23060590028762817,0.18655280768871307,-0.3484536111354828,1.19677734375,0.7877084016799927,-0.4689525365829468,-0.8795880079269409,-0.28249967098236084,0.3825559914112091,-0.3773857057094574,-0.32900726795196533,-1.2831947803497314,0.08572506904602051,0.07963932305574417,1.4484121799468994,-0.03940843790769577,1.6916964054107666,0.09701189398765564,0.8607916831970215,-1.6869080066680908,0.19494377076625824,-1.080583930015564,-1.305288553237915,-0.30915963649749756,-1.6019459962844849,1.4042218923568726,0.3564802408218384,0.6040847897529602,-0.23640324175357819,-1.1652921438217163,2.0961368083953857,0.6067861914634705,0.39731448888778687,0.3527687191963196,0.41377779841423035,-0.21410639584064484,0.29702600836753845,-0.46915122866630554,0.15039695799350739,0.4875667989253998,-2.343221426010132,2.2148396968841553,0.3661085069179535,-0.25389647483825684,1.262277364730835,2.0792300701141357,0.010593287646770477,0.1489923894405365,-1.1410548686981201,0.7319027185440063,-0.5373995304107666,0.44432127475738525,-0.055287331342697144,-0.7955527305603027,1.1186097860336304,-2.268826961517334,0.22705230116844177,-0.03636549785733223,-0.05057264119386673,-2.3547444343566895,-0.12649685144424438,0.7776013016700745,0.6641894578933716,-1.2456409931182861,0.4183082580566406,-1.8840621709823608,0.2484508752822876,-0.7792767286300659,0.4304543733596802,0.3807018995285034,1.3382917642593384,-1.8945629596710205,-0.8037405610084534,-0.9953792095184326,0.37887346744537354,1.2112826108932495,-0.20193907618522644,-1.1856058835983276,1.0072615146636963,1.4732176065444946,0.6263682842254639,-0.2180885225534439,0.1897667944431305,-1.3391823768615723,0.15625236928462982,0.15662331879138947,3.1029365062713623,1.2307802438735962,-0.5249108076095581,-0.9731887578964233,-2.0200533866882324,0.08326485753059387,-0.9184852838516235,-2.5660152435302734,-0.9110510349273682,0.8095909357070923,1.7842167615890503,-0.9037910103797913,0.37673816084861755,1.1125173568725586,0.289333701133728,-0.6042278409004211,0.055869244039058685,-0.629772424697876,0.5152176022529602,0.7362666726112366,1.3497507572174072,-0.4052731990814209,-1.00513756275177,0.07862294465303421,0.5170316696166992,-0.9020147919654846,0.28265607357025146,-0.918372631072998,-0.5432318449020386,-1.0677945613861084,0.7450835704803467,-1.865889072418213
bookcrossing.csv,-1.1313114166259766,-0.5029220581054688,-0.42679905891418457,0.8275271654129028,0.33068525791168213,-0.4050332307815552,-0.4910643696784973,-1.565872073173523,-0.6197073459625244,-0.9986066818237305,1.696842908859253,-0.6338971257209778,0.10374917089939117,-0.9858436584472656,0.3173277974128723,0.032641541212797165,0.6455335021018982,1.1775556802749634,1.050754189491272,-0.06271325051784515,-0.16698907315731049,0.08620856702327728,-0.7386782765388489,-0.6049836277961731,1.835415244102478,0.08901602029800415,-0.09530624002218246,0.8709380626678467,-1.0526643991470337,0.9045395255088806,-0.6422585844993591,1.578759789466858,1.3688968420028687,-1.290130853652954,2.3261373043060303,0.11053704470396042,0.1688416600227356,-0.6195738315582275,-1.2087534666061401,0.4010191857814789,-0.32901597023010254,1.1952965259552002,-1.1853270530700684,0.5916024446487427,0.23548972606658936,-0.11797260493040085,0.23221905529499054,-0.19637659192085266,-1.3345873355865479,0.8925036787986755,1.5732563734054565,-0.18950031697750092,1.3153094053268433,0.5700680613517761,-0.5965608954429626,-1.595273494720459,-0.8990347981452942,-0.12328838557004929,0.8210140466690063,0.10113655030727386,1.393054723739624,0.7375438809394836,0.5166725516319275,0.4106195867061615,1.0511161088943481,-0.30381572246551514,-0.2532625198364258,0.9351434111595154,-0.1831701099872589,0.07090586423873901,-1.5499974489212036,0.7569828033447266,2.0104613304138184,-1.8010729551315308,1.1274127960205078,0.3202013373374939,1.1501214504241943,-2.6805260181427,-0.24518892168998718,-0.9214348196983337,-2.4741432666778564,0.41426941752433777,1.1197267770767212,-1.447487711906433,0.7850552797317505,0.5338671803474426,0.05287616327404976,0.48241060972213745,0.40840616822242737,-0.4841853082180023,0.7018467783927917,0.056591399013996124,1.8088905811309814,-0.38823437690734863,-0.23748713731765747,0.16983798146247864,1.3232704401016235,-1.328714370727539,-0.045749228447675705,-0.13885867595672607,-1.149022102355957,-0.9357485175132751,-1.3518555164337158,-0.835463285446167,-0.15445885062217712,-0.3220742344856262,0.2575122117996216,1.2278255224227905,-0.9671341776847839,1.4635106325149536,-0.16053229570388794,-1.0408780574798584,1.5798017978668213,0.14623847603797913,-0.5422343611717224,-0.2162846028804779,-0.29473039507865906,1.2020399570465088,0.1147155910730362,-0.3091985583305359,1.3636826276779175,0.4342495799064636,-2.3189094066619873,2.5413928031921387,0.8140456080436707,-0.6543419361114502,0.05813530832529068,0.8767603635787964,-1.447156310081482,-0.1528429090976715,0.13983850181102753,0.76524817943573,-1.2460579872131348,0.4336201548576355,0.7513132691383362,-0.26043501496315,0.4290789067745209,-1.0348247289657593,1.3322378396987915,0.43999090790748596,1.321760654449463,0.35101452469825745,0.16274063289165497,-0.15143275260925293,0.4695640504360199,-1.4786189794540405,-0.9464502930641174,-3.304384469985962,0.7939805388450623,-0.19814257323741913,-0.005818577483296394,0.18684247136116028,0.6575855016708374,-0.7403889298439026,0.18867313861846924,-0.9186743497848511,1.5274205207824707,-0.5731299519538879,-1.1254804134368896,-1.861127257347107,0.4017321765422821,0.8862201571464539,0.4861021637916565,0.6726833581924438,-0.6497998237609863,-0.0602363757789135,-1.7894254922866821,-0.6286287307739258,1.3013266324996948,1.7602235078811646,-0.04866715148091316,-0.21902678906917572,-1.649409532546997,1.5505980253219604,-1.4532121419906616,-0.9473327398300171,-1.8221004009246826,1.4630792140960693,1.359774112701416,0.6048069596290588,-0.5727580785751343,-0.8510200381278992,0.4239848256111145,1.3343944549560547,-0.6021739840507507,0.17856869101524353,-0.4267457127571106,0.7170528173446655,1.0961682796478271,-0.8956494331359863,0.12330316752195358,0.6826758980751038,-0.32482191920280457,0.6099978685379028,0.7872199416160583,0.6164073944091797,-1.7219069004058838,-1.0583155155181885,-0.4109407663345337,-1.1316925287246704
amazon-tools.csv,-0.636755645275116,-2.7712783813476562,1.256152629852295,-0.21252742409706116,-1.1377265453338623,-0.05351513996720314,-0.39785605669021606,-0.5226578712463379,0.2686944305896759,-0.5342090725898743,0.9037855863571167,-0.7637744545936584,0.2929716408252716,-1.761114239692688,0.7607157826423645,0.03382750228047371,1.1633855104446411,1.623714566230774,0.42560216784477234,0.10578770935535431,-0.020653631538152695,-0.4654920995235443,-0.4202108085155487,0.23841048777103424,-0.3005636930465698,0.8051620125770569,1.1153923273086548,-0.16547583043575287,0.4671034812927246,1.1123615503311157,-1.242558479309082,0.6350625157356262,0.9853267073631287,-0.10800568014383316,2.420372486114502,-0.5635175108909607,1.3190958499908447,0.25365087389945984,-0.3716270327568054,-1.0539214611053467,-0.8057453632354736,-1.1174118518829346,-0.9642021656036377,0.41787034273147583,-0.2862573266029358,-0.6817542314529419,-0.054614074528217316,-1.1848903894424438,-0.8353888392448425,-1.1458836793899536,0.5587340593338013,-0.6490524411201477,0.9343631267547607,0.39304041862487793,-0.320082426071167,-1.2891767024993896,-0.9686192274093628,-0.3535853624343872,1.316886067390442,-0.4122105538845062,0.21680927276611328,-0.8606894016265869,1.4664058685302734,-0.42619040608406067,0.8750062584877014,0.840359091758728,0.11199627816677094,0.2557450830936432,-1.2086820602416992,-0.04995444789528847,-2.2551205158233643,0.4313798248767853,0.3790567219257355,-0.9809576869010925,0.6240746974945068,-1.7109013795852661,0.3098098337650299,-2.142730951309204,0.026894399896264076,-2.1831014156341553,-0.015307538211345673,0.8013777136802673,-0.4946061670780182,-1.8507630825042725,1.1889013051986694,1.156294822692871,1.6848065853118896,-1.0736445188522339,0.8926435708999634,-1.4709659814834595,2.4734063148498535,-1.3100870847702026,0.9622445106506348,-1.1037647724151611,-0.07238233834505081,1.5197482109069824,0.6052926182746887,0.8457001447677612,-0.5647945404052734,-0.2783733010292053,-0.5140778422355652,-2.194366455078125,0.7869716882705688,-0.2850286364555359,0.489093542098999,-0.29050201177597046,-0.2851632833480835,0.35540732741355896,1.263830304145813,0.18885433673858643,1.1754571199417114,-2.193565845489502,0.8022462725639343,0.6393275260925293,-0.3275716304779053,0.26855137944221497,-0.6568868160247803,0.832610011100769,0.5117733478546143,1.1772509813308716,0.8425885438919067,-0.8807084560394287,-0.9520395994186401,0.7204620242118835,0.48865824937820435,0.39663365483283997,1.3946598768234253,0.7702674865722656,-1.227002739906311,0.5858514904975891,0.39920759201049805,-0.20409788191318512,-1.1613315343856812,0.8285989761352539,-1.1014736890792847,-0.25407060980796814,1.5346128940582275,1.3085672855377197,0.5273312330245972,-0.31300026178359985,0.607565701007843,0.16659113764762878,0.3859349489212036,0.4886308014392853,0.12863533198833466,-1.1589465141296387,-0.27807605266571045,-3.0995290279388428,-0.27746015787124634,0.21045805513858795,1.18189537525177,0.021179787814617157,0.6390363574028015,-0.02409682236611843,-0.7386263608932495,-0.19592611491680145,1.4105454683303833,-1.549744963645935,-0.4348909556865692,-2.5630507469177246,-0.024579651653766632,0.8452739715576172,0.2954302430152893,1.041656255722046,1.4657602310180664,-1.1847014427185059,-0.038877300918102264,-0.4211027920246124,1.812582015991211,-0.39136171340942383,-0.012844067998230457,-0.3421824872493744,-1.5862292051315308,0.46123722195625305,0.060075804591178894,-0.9448471665382385,-1.4056673049926758,0.9035156965255737,3.13077712059021,0.6329861283302307,-0.1609838902950287,0.3371293246746063,-0.1688200682401657,-0.7901920676231384,0.6490825414657593,-0.21085800230503082,0.6201728582382202,1.8957418203353882,1.0851815938949585,0.15796750783920288,-0.0975588709115982,-0.06552156805992126,0.1337975412607193,-0.027378905564546585,0.08556511998176575,0.040136683732271194,-0.5314791798591614,-0.824302077293396,-1.9322434663772583,0.006423632614314556
amazon-clothes.csv,-0.9963518381118774,-1.6648972034454346,0.10422516614198685,-1.6674189567565918,0.1267777383327484,-0.9869697690010071,-0.8649192452430725,-0.22845923900604248,0.2630425691604614,-0.3830247223377228,0.15606442093849182,-0.9108884334564209,-0.08387642353773117,-1.1333754062652588,-0.11892139911651611,-0.1803879588842392,1.4299418926239014,1.5393966436386108,0.4272476136684418,0.962974488735199,-1.217820644378662,-0.3311994671821594,-0.4446953237056732,-0.4521530270576477,-0.21519774198532104,1.0574944019317627,1.3641465902328491,0.5314949154853821,-0.2874603867530823,0.17991267144680023,-0.9729319214820862,0.5563744902610779,2.1871376037597656,1.0132938623428345,1.291150450706482,-0.04270336404442787,0.6683968901634216,-1.1172703504562378,0.04093991592526436,-0.6012029051780701,-1.1603127717971802,0.09077398478984833,-2.575749397277832,0.44395455718040466,-0.07943065464496613,0.08284057676792145,-0.8121204376220703,0.3943372666835785,-1.183617115020752,0.21770986914634705,0.6120096445083618,0.3081492781639099,2.4022367000579834,-0.24614696204662323,-0.37900662422180176,-0.8797820806503296,-0.09702563285827637,-0.6394960880279541,-0.6663598418235779,-1.1942228078842163,-0.45328250527381897,-0.4478633403778076,1.6379897594451904,1.232104778289795,1.8393983840942383,-0.27127084136009216,-0.2870677709579468,-0.42806798219680786,-0.2530761659145355,0.34297487139701843,-0.5192994475364685,-0.23447366058826447,1.0570054054260254,-1.3695868253707886,0.1453729122877121,-1.7398194074630737,1.5507670640945435,-2.621793746948242,0.392556756734848,-0.7871518731117249,-1.1283771991729736,2.6464126110076904,-0.9485203623771667,-0.16806425154209137,1.2194463014602661,1.7687450647354126,1.650242567062378,0.5084375739097595,-0.6936787962913513,-0.7071565389633179,2.5470259189605713,0.09086941182613373,0.1991504281759262,-0.37607085704803467,-0.6537206768989563,0.5055310726165771,1.3195888996124268,0.09015794098377228,-0.23554681241512299,-1.393802523612976,-1.3163808584213257,-1.613232135772705,0.18106970191001892,0.12407100945711136,-0.9306623935699463,0.4110204875469208,-0.5064986348152161,1.2555376291275024,-1.257946252822876,-1.0274217128753662,1.6250325441360474,-0.6993119716644287,0.9527778625488281,0.7369903922080994,-1.3381789922714233,0.13641977310180664,-0.6147862672805786,0.717528223991394,-0.5011103749275208,1.2095961570739746,0.23333394527435303,-0.8608311414718628,-0.9262276887893677,1.3043211698532104,0.16819880902767181,-0.5239523649215698,0.05085834488272667,0.41589251160621643,-0.017566626891493797,-0.2137048840522766,-0.17065706849098206,1.1861917972564697,-1.2885408401489258,0.4717792868614197,-1.073164939880371,-0.9767069816589355,1.493422269821167,0.2882423400878906,1.6077402830123901,0.13235898315906525,-0.19229386746883392,-0.12167005240917206,-0.45581474900245667,-1.0423974990844727,0.20114077627658844,-1.5402251482009888,0.22384224832057953,-1.9914584159851074,-0.2595771253108978,-0.45544660091400146,-0.8887079954147339,-0.6311400532722473,0.30130892992019653,-0.16809482872486115,-0.16220593452453613,0.5767982602119446,0.8778924942016602,-0.9743772149085999,0.17016980051994324,-2.0825886726379395,-0.5597114562988281,1.1301277875900269,0.09629298001527786,1.8538039922714233,0.94525545835495,-1.37788987159729,-0.19113625586032867,-0.15961575508117676,0.949392557144165,0.3122510612010956,-0.13467024266719818,-0.6826867461204529,-1.9619219303131104,0.6202888488769531,0.7262561917304993,-0.6403530240058899,-2.253826379776001,0.8449191451072693,1.6273078918457031,2.201944351196289,-0.47411003708839417,-0.5800657272338867,0.5281765460968018,1.136138677597046,-1.3151189088821411,-0.780808687210083,1.2809053659439087,0.5674378275871277,1.4246625900268555,-0.9621158838272095,-0.9699710607528687,0.06472969055175781,-0.2872181236743927,0.6533719301223755,-0.5417466759681702,0.09544123709201813,-1.520937442779541,-1.5302660465240479,0.3713277280330658,-1.018968939781189
movielens100k.csv,-0.5008715987205505,-1.714419960975647,0.5901814699172974,1.170654535293579,0.3127192556858063,-0.5381798148155212,0.18378303945064545,-1.1887997388839722,0.9018008708953857,0.24657726287841797,0.21395619213581085,-1.8845083713531494,0.783112645149231,-0.6324273347854614,1.1533865928649902,0.836143434047699,1.3290671110153198,1.5577621459960938,-0.10456579923629761,0.7638646364212036,-0.5519499182701111,1.2321949005126953,0.07564469426870346,-0.7686692476272583,-0.039768286049366,0.1887870728969574,1.0535753965377808,1.727316975593567,-1.086305022239685,0.6565380692481995,-0.4205995500087738,1.3648751974105835,0.9194208979606628,0.7811720967292786,0.7714118361473083,0.5031837821006775,2.0832483768463135,0.4146288335323334,-0.44843435287475586,0.34762078523635864,0.48784348368644714,0.7577192187309265,-0.5873598456382751,0.10889042168855667,-1.1257590055465698,-0.031169893220067024,0.30089613795280457,1.1799083948135376,-1.6298153400421143,0.6248839497566223,-0.5294970870018005,-0.29516807198524475,1.280330777168274,0.7293868064880371,-1.0526829957962036,-0.49010637402534485,-2.0696234703063965,-0.5503626465797424,-1.7633726596832275,-1.4164992570877075,1.1648778915405273,0.46510249376296997,-0.31280526518821716,-1.1787430047988892,0.2744258940219879,0.7970237135887146,1.2279000282287598,1.1350327730178833,-0.024793578311800957,-0.5464993715286255,-0.15856289863586426,0.5279017090797424,-1.5598044395446777,-3.634394645690918,0.9866238832473755,-0.6081035137176514,-0.6004638671875,-2.3599328994750977,-0.15005549788475037,-0.34814876317977905,-1.4570260047912598,1.3940037488937378,-0.28177300095558167,-0.050673708319664,0.6838226318359375,0.21485978364944458,1.545619249343872,-0.6974236369132996,0.16718673706054688,0.40315860509872437,0.9894266128540039,0.35345184803009033,-0.5859641432762146,-1.1126127243041992,-0.1075446829199791,-0.8609989285469055,1.5157198905944824,2.249765634536743,-0.7548778057098389,-1.1871951818466187,-0.7048346400260925,-1.316965103149414,-0.39187702536582947,-1.6381336450576782,-0.33321142196655273,-1.1462115049362183,-0.3044191300868988,0.40265417098999023,0.10257874429225922,-0.8139075040817261,0.1763232946395874,-0.7428750991821289,1.0146265029907227,0.5203429460525513,0.3004099726676941,-1.542608380317688,-1.2450168132781982,0.6794516444206238,0.7546992897987366,-0.9199962019920349,-0.018491143360733986,-1.3999086618423462,-2.344027280807495,0.8519359827041626,0.19049134850502014,0.12894195318222046,1.291416049003601,-0.6416463851928711,-1.2469415664672852,1.022287130355835,-1.485204815864563,-1.0567293167114258,-0.029026202857494354,-0.34046241641044617,-1.3323991298675537,-0.4699597954750061,1.3027806282043457,-0.9457704424858093,1.421000599861145,0.8976834416389465,-0.16604651510715485,-0.1109914481639862,-1.516144871711731,1.4690907001495361,0.8529788851737976,0.7929250597953796,-1.0474224090576172,-1.9901888370513916,0.6908321380615234,-0.045034486800432205,-0.0310897845774889,-0.4182409644126892,1.5126651525497437,0.4274062514305115,0.25233447551727295,-1.634216547012329,0.35583817958831787,-1.7893216609954834,0.03432248532772064,-0.05850335210561752,0.7241714000701904,-0.7910966873168945,0.4050210118293762,1.1048109531402588,-0.8501362800598145,1.1836532354354858,0.46009278297424316,1.5775421857833862,0.5671790242195129,0.016336720436811447,-0.029636671766638756,-0.6864326596260071,-1.9224587678909302,1.2512898445129395,0.05476135388016701,-0.019637443125247955,-1.7036091089248657,0.29232674837112427,0.11690639704465866,0.8038622736930847,0.5055557489395142,-0.10158572345972061,1.554077386856079,0.32372960448265076,0.41222211718559265,-1.6837406158447266,0.7565391063690186,-0.5431666970252991,2.0149643421173096,-0.38121211528778076,0.6097977161407471,0.4085164964199066,0.8176106810569763,-0.6602530479431152,0.07046632468700409,-0.6056599020957947,-1.7075132131576538,0.2664550542831421,-0.5690061450004578,0.04966668784618378
yahoo-movies.csv,-1.2006807327270508,-0.7506679892539978,0.9062588810920715,-0.7413806319236755,0.5864563584327698,-0.10655304789543152,0.4381517171859741,-1.3290982246398926,-1.567936658859253,-0.8144218325614929,0.9356306791305542,-1.3290140628814697,0.39895758032798767,0.3641655743122101,0.1174449771642685,0.08247815817594528,2.2903857231140137,1.8327940702438354,1.078243374824524,-0.23011110723018646,-0.058248370885849,1.2786229848861694,-1.0470863580703735,0.9718724489212036,-0.960202157497406,-0.261425644159317,2.1567142009735107,1.5643200874328613,-0.4617372155189514,0.5237393379211426,-0.4413628578186035,1.1501364707946777,1.355805516242981,0.5563756823539734,2.0686254501342773,-0.3579498827457428,2.0926334857940674,1.9058033227920532,0.3966553509235382,0.6766773462295532,-0.9368797540664673,1.384809136390686,-0.0005958348629064858,0.9127006530761719,0.25081905722618103,-0.17980729043483734,0.1149521991610527,-0.5947672724723816,-1.3341140747070312,-1.0794320106506348,0.2696142792701721,-0.6901091933250427,1.6097828149795532,1.1418589353561401,-1.4960641860961914,-1.2597465515136719,0.8516367077827454,-0.22185610234737396,-0.26434823870658875,-0.5869746804237366,0.482769638299942,-1.2448736429214478,0.8560671806335449,0.5376079678535461,-0.07115139812231064,-0.6281814575195312,0.35791948437690735,0.0035478698555380106,-0.24548178911209106,0.33963674306869507,-0.09536362439393997,1.0743844509124756,-1.0526704788208008,-1.1636228561401367,0.33410635590553284,-2.2782094478607178,0.34650468826293945,-1.0602138042449951,-1.425682544708252,0.2275318056344986,0.017074860632419586,0.269997239112854,0.9092321395874023,-0.5665574073791504,-0.48659828305244446,0.06766858696937561,0.5601659417152405,-0.18029147386550903,-0.30202627182006836,-1.04523766040802,1.3539973497390747,0.20637719333171844,-0.8099051117897034,-0.9086009860038757,0.8643668293952942,-0.7744454145431519,3.242199420928955,0.5673936605453491,0.16308842599391937,0.4507973790168762,-1.1459777355194092,-0.9550920724868774,-1.639073371887207,-0.2349560558795929,-0.3994597792625427,-1.0052365064620972,0.8273610472679138,1.5827935934066772,-0.22329117357730865,-0.79417884349823,-0.44651126861572266,-2.739973545074463,1.8586974143981934,0.12567900121212006,0.3877434730529785,-0.346880704164505,-1.2854974269866943,0.6883745193481445,0.54308021068573,-0.5003277659416199,-1.2906399965286255,0.17244012653827667,-0.7446537613868713,0.8764638900756836,0.8904903531074524,0.20168352127075195,-0.2227853685617447,-1.411813497543335,-0.8248717188835144,-0.8610549569129944,-1.436875343322754,-0.5378434062004089,0.27707985043525696,-0.5263268351554871,-0.2649710178375244,-0.6730116009712219,0.5283255577087402,0.5079321265220642,1.832006812095642,-0.47934913635253906,-0.25236421823501587,-0.6946412324905396,-1.5239651203155518,0.2158544659614563,0.5049209594726562,-0.7225800156593323,-0.15607118606567383,-1.933601975440979,0.9005928039550781,-0.09315045922994614,0.3881852328777313,-0.7416513562202454,0.28971850872039795,0.601974368095398,-0.6617801785469055,1.001427173614502,1.7999731302261353,-1.4362740516662598,-0.09988579899072647,-1.7315195798873901,-0.13069792091846466,-0.5452871322631836,-0.5681699514389038,0.9466294646263123,0.9390801191329956,-0.5635278820991516,0.9439213275909424,-0.08155348151922226,1.4090830087661743,0.039902620017528534,-0.4073479473590851,-0.004530047532171011,-0.6319894194602966,3.2169384956359863,0.08367127925157547,-1.1581981182098389,-0.7496265769004822,1.3362784385681152,2.4248270988464355,1.0146617889404297,-0.42500168085098267,0.8941620588302612,-1.2816401720046997,0.7206663489341736,-0.638634979724884,-0.03095315769314766,0.9582108855247498,0.012601024471223354,1.8533178567886353,0.008916771970689297,-0.4823245704174042,0.5478069186210632,-0.2821715772151947,0.1504116654396057,0.09411570429801941,-1.9841701984405518,-0.28660520911216736,-0.13627409934997559,0.23942962288856506,-0.8302776217460632
jester2.csv,-0.48138996958732605,-1.1171563863754272,-0.8658931255340576,-0.13617509603500366,0.9328873157501221,-1.5299080610275269,-0.4753726124763489,-0.6990137696266174,1.2797945737838745,-0.19542311131954193,0.3197022080421448,-0.3476981222629547,1.3410710096359253,-0.9966480135917664,0.016665779054164886,-1.1308671236038208,1.3030409812927246,0.8399330377578735,0.6853080987930298,0.6506728529930115,0.06432733684778214,1.411206841468811,0.1326279640197754,-2.35646390914917,-1.5174802541732788,-0.4655778110027313,0.13642853498458862,2.1960816383361816,-0.5119487643241882,0.2820560038089752,0.22759316861629486,0.216933012008667,-0.7529297471046448,0.7737346291542053,1.5122112035751343,0.8366191983222961,1.2389001846313477,-0.02973315492272377,-1.2358698844909668,0.7903531789779663,-0.2702201008796692,0.3083479404449463,-1.4002941846847534,-0.7699637413024902,1.467124342918396,-0.47663724422454834,-1.2547006607055664,-1.3020272254943848,-0.6714844703674316,0.268310010433197,1.1019861698150635,-1.865727424621582,1.8495721817016602,0.40895798802375793,-0.047543421387672424,-0.8443794250488281,0.5026925802230835,-0.6575661897659302,0.48916304111480713,-0.9558797478675842,-0.12506242096424103,-0.7439684867858887,-0.19600419700145721,0.12838433682918549,0.8718245029449463,0.616192102432251,-1.4240641593933105,-0.4273374676704407,-0.7899346351623535,-0.057503778487443924,-1.0243051052093506,0.6482844948768616,-0.19495561718940735,-3.2936437129974365,0.050433531403541565,-1.3160480260849,1.102784514427185,-0.8056011199951172,-0.35294947028160095,0.3472118377685547,1.3591803312301636,1.615221381187439,1.293428659439087,-0.6731784343719482,0.5488552451133728,1.9445058107376099,1.1874173879623413,0.6759305596351624,0.10510821640491486,-0.2715912163257599,1.241353154182434,0.22939622402191162,-0.4123290777206421,-2.2415685653686523,-0.1617477536201477,-0.10687650740146637,2.7581939697265625,0.6362996101379395,-0.7366277575492859,-1.7035207748413086,-0.7346594333648682,-2.172459363937378,-1.5390937328338623,-0.7490666508674622,-0.633251428604126,-0.7331461906433105,1.0105866193771362,0.48614129424095154,0.322017639875412,1.1936193704605103,-0.6211399435997009,-1.5468491315841675,0.0712105855345726,-0.5541414618492126,1.3982388973236084,-0.10467813163995743,-1.2265969514846802,-0.6913517117500305,0.6767526865005493,-0.3977075219154358,0.004707676358520985,-0.07393786311149597,-0.39622244238853455,1.0444542169570923,0.5536782145500183,1.099464774131775,-0.7254263758659363,-1.2183752059936523,-1.0060666799545288,1.3347445726394653,-1.888735055923462,0.01767297275364399,-0.19732972979545593,0.3510758876800537,0.17394305765628815,-1.228872537612915,0.21521595120429993,-0.07267071306705475,-1.318898320198059,-0.7437626719474792,0.6870945692062378,-0.9119462966918945,-0.9282902479171753,0.9760271310806274,0.9124270677566528,-1.8892176151275635,-1.3566588163375854,-2.2349977493286133,-0.29973575472831726,-0.24549353122711182,-0.3070269227027893,-0.25926071405410767,0.5180198550224304,0.3706338405609131,0.34349825978279114,-1.6009366512298584,1.4154034852981567,-0.7526019811630249,-0.77335125207901,-0.7863995432853699,-0.21856887638568878,-0.02546321228146553,0.39424940943717957,-0.4456097483634949,-0.10517112165689468,0.22386842966079712,-0.3134923279285431,0.9377484917640686,1.5549803972244263,0.4131772220134735,-1.5446369647979736,-0.9420438408851624,-1.6793135404586792,0.8069893717765808,-0.4856325089931488,-1.6426222324371338,-1.7488681077957153,1.338903784751892,1.287450909614563,0.42059364914894104,0.5829066038131714,0.17261990904808044,0.38891762495040894,0.99903804063797,-0.45983636379241943,-0.21972565352916718,0.09493904560804367,-0.5207056403160095,2.6103949546813965,1.0489405393600464,0.5893151760101318,0.09436900168657303,1.0194445848464966,-0.12857064604759216,-1.0440165996551514,-0.5556171536445618,-0.5755084156990051,0.06064407527446747,0.32074040174484253,0.08631861954927444
movietweetings_recsys2014.csv,-0.7395904064178467,-1.6384599208831787,0.2502649426460266,-0.21140439808368683,1.7081176042556763,-1.382543683052063,-0.3229460120201111,-1.314245581626892,0.34455305337905884,-1.0809332132339478,0.1059257909655571,-1.2550997734069824,0.06540721654891968,-0.6344588994979858,-0.5202256441116333,-0.6049623489379883,1.5350451469421387,0.27926698327064514,0.7454807162284851,1.0838433504104614,-0.2377621829509735,0.8706825971603394,0.5380702614784241,-1.274796724319458,-0.009803627617657185,0.35349392890930176,1.3914905786514282,0.5699250102043152,-1.2278958559036255,0.5003710389137268,-0.4377167820930481,-0.7096123099327087,0.6490375995635986,0.28645065426826477,1.561530590057373,0.5771601796150208,2.1672558784484863,-0.19996494054794312,0.17551901936531067,0.23688945174217224,-1.4374712705612183,1.3133777379989624,-0.40445390343666077,1.390430212020874,0.8318140506744385,-0.45788589119911194,-0.6139818429946899,-1.1302030086517334,-2.1346707344055176,-1.3682280778884888,0.06591984629631042,-1.3240007162094116,1.3815443515777588,0.13554216921329498,-0.07799048721790314,-1.0875550508499146,-0.15270300209522247,-0.9458547830581665,-0.9853888750076294,-0.8801181316375732,0.10434097796678543,-0.2608122229576111,0.9146548509597778,0.31365519762039185,0.9635061621665955,-0.6581398248672485,-1.1906534433364868,-0.48770320415496826,0.885095477104187,-0.2747614085674286,-0.5185854434967041,1.008790373802185,0.590788722038269,-0.8545995354652405,0.1797139048576355,-0.6311461329460144,-0.6918237209320068,-2.1857919692993164,-1.2827098369598389,0.26663491129875183,-0.275932252407074,1.010230302810669,0.7990346550941467,-0.9224898815155029,0.4419589936733246,1.0683972835540771,1.2687427997589111,0.3484923839569092,-0.26940494775772095,-1.6052637100219727,1.5349291563034058,0.03309366852045059,-0.14491991698741913,-0.3321278989315033,-0.9045639634132385,0.2368396669626236,2.352681875228882,-0.18881645798683167,0.7412230968475342,-0.6430004835128784,-0.06215614452958107,-1.724867343902588,0.5925438404083252,1.2379893064498901,0.22964197397232056,-0.6612898707389832,-0.649864137172699,1.1903667449951172,0.9983601570129395,-1.171426773071289,-0.21861331164836884,-1.5251959562301636,1.0052120685577393,0.1214219480752945,-0.252763032913208,-0.23868776857852936,-1.166903018951416,0.7035538554191589,0.5180074572563171,0.2411459982395172,-0.0707986056804657,-1.1889400482177734,-1.726166844367981,0.2676807641983032,0.36491233110427856,-0.3069695830345154,0.1660757064819336,0.021718475967645645,-0.9196485877037048,-0.05654224753379822,-0.13285772502422333,-1.7902588844299316,-0.9272930026054382,0.6217684149742126,-0.6429308652877808,1.025441288948059,1.1651906967163086,-0.5913917422294617,0.5243641138076782,1.799141526222229,0.09801624715328217,-1.9996854066848755,-1.1690326929092407,2.290862798690796,0.5857682824134827,-0.49278944730758667,0.4896235764026642,-2.358034372329712,-1.7194116115570068,0.8847124576568604,2.3955557346343994,-0.9813939332962036,1.2263208627700806,0.319579154253006,-0.7331439256668091,-0.2974226772785187,1.9544018507003784,-0.2947332262992859,-0.601043164730072,0.20505791902542114,1.1983304023742676,0.5391502380371094,-0.9896475076675415,0.5932364463806152,0.6998979449272156,-0.5227539539337158,-1.052923321723938,-0.6199883222579956,1.906362533569336,0.17823776602745056,1.755722999572754,-0.7991371750831604,-1.450382947921753,1.5997833013534546,-1.0939631462097168,-1.8446238040924072,-1.5521395206451416,0.5064852833747864,2.506765365600586,0.1549447625875473,0.20726807415485382,0.3551466464996338,-1.2011531591415405,0.46794360876083374,0.6846212148666382,0.2616208493709564,0.9351615309715271,0.22216445207595825,1.5235575437545776,0.7409822940826416,-1.3832895755767822,0.30503591895103455,0.8026066422462463,-0.44588610529899597,-0.16761992871761322,-0.3944227397441864,-1.9085967540740967,0.45278024673461914,0.9454852938652039,-0.3530779778957367
jester1.csv,-0.19033513963222504,-1.029171109199524,-0.38147735595703125,0.16461220383644104,0.8592349290847778,0.27054595947265625,0.07920919358730316,0.43290162086486816,-1.151808500289917,0.3136792778968811,0.3174651861190796,-0.908103883266449,0.5741925239562988,-0.7692376375198364,0.36024710536003113,1.0125445127487183,2.275357961654663,2.3519670963287354,0.03724761679768562,1.261767029762268,-0.6438301205635071,0.2932298183441162,-0.013681575655937195,-1.2405109405517578,-0.6096150279045105,-0.29055121541023254,1.1892155408859253,1.3237593173980713,-0.6211522221565247,1.6036196947097778,0.19626484811306,0.1968427300453186,0.8817629218101501,-0.4868006408214569,2.2769057750701904,0.8685572743415833,1.5182007551193237,0.8078462481498718,-0.31664249300956726,0.26961153745651245,0.3326650857925415,1.4830636978149414,-0.930547833442688,0.7919122576713562,0.5244150161743164,-2.251054048538208,-0.3487160801887512,0.0710151270031929,-0.19712232053279877,-1.594222903251648,-0.16319629549980164,0.2910511791706085,1.250494360923767,0.14937464892864227,-1.0411977767944336,-0.37903302907943726,-1.3546706438064575,0.6309278607368469,-0.543580949306488,0.626714825630188,0.394869327545166,-1.963260531425476,1.1916077136993408,0.4739127457141876,0.29508253931999207,-0.43039143085479736,-0.3058565855026245,0.6582755446434021,-1.0007034540176392,-0.24210724234580994,-0.9780420064926147,-0.6898895502090454,0.5029057860374451,-2.487656593322754,0.7784520983695984,-1.1820875406265259,0.324237197637558,-2.3747992515563965,-0.1748196929693222,-0.391854465007782,-0.963150680065155,2.469844341278076,0.3032403886318207,-0.6675790548324585,0.08411581814289093,1.0297406911849976,0.774766743183136,1.2447007894515991,0.7458762526512146,-0.1775112897157669,1.6487849950790405,-0.758902907371521,0.3205399215221405,-3.1705102920532227,0.2504362463951111,-0.5868222713470459,1.5258888006210327,-0.2958974242210388,0.5789666175842285,-0.5566527843475342,-1.0706735849380493,-1.0017603635787964,0.16130420565605164,0.6462910771369934,0.04294871166348457,-1.0377713441848755,0.5084364414215088,1.401750922203064,0.027624888345599174,-0.7070999145507812,0.040586311370134354,-1.006041169166565,0.5595816969871521,0.08940910547971725,0.6797955632209778,-0.6389172673225403,-1.5830082893371582,0.3974357843399048,0.5874186158180237,-0.7198256850242615,0.31792280077934265,-1.7727115154266357,-1.530461072921753,0.8514107465744019,0.3283401429653168,-0.1898200362920761,0.13024790585041046,-0.37449854612350464,-1.7169269323349,0.2395927757024765,-0.49029502272605896,-0.21997804939746857,1.0403772592544556,-1.074224829673767,-0.9103769659996033,-0.7570739984512329,0.9506790637969971,-0.7164173126220703,0.46441635489463806,-0.5191453099250793,0.490215539932251,-0.102509506046772,-1.6544265747070312,1.0204498767852783,1.0374987125396729,-2.3806517124176025,-0.5894954204559326,-1.3035681247711182,-0.7338563203811646,0.5862208604812622,0.08499756455421448,-0.5909806489944458,1.6764198541641235,-0.4526558816432953,0.23724162578582764,-0.048250529915094376,2.3867337703704834,-2.167732000350952,-0.18392832577228546,-0.2751295566558838,-0.13415151834487915,0.1586211621761322,-0.9310374855995178,0.5903614163398743,0.7060409784317017,-0.2837134301662445,-0.07834675908088684,0.3727976083755493,2.7535340785980225,-0.15358540415763855,-0.15681035816669464,-1.2180267572402954,-1.3956210613250732,1.0871303081512451,-1.518789291381836,-1.7515548467636108,-2.007582426071167,1.2134188413619995,0.7520656585693359,1.0979588031768799,-0.22172100841999054,0.45536819100379944,0.34678202867507935,0.7706073522567749,0.08401735126972198,0.0880245715379715,0.38908520340919495,-0.3008286654949188,1.8929163217544556,0.6025279760360718,0.28030046820640564,0.1683971881866455,0.07316529750823975,-0.4527476727962494,1.4654946327209473,-0.09115269780158997,-1.2650291919708252,-0.3329814076423645,-1.0012226104736328,-0.6799521446228027
yelp.csv,-0.23940874636173248,-1.5186816453933716,0.3065515160560608,-0.3749334216117859,0.5637233257293701,-0.8955961465835571,-0.7583574652671814,-1.1582077741622925,0.5429964065551758,-0.26890408992767334,0.3943110406398773,-0.5336928367614746,-0.612112283706665,-0.907638669013977,-0.2112044095993042,0.06885030120611191,1.3374292850494385,0.561396062374115,0.6574618220329285,1.3786463737487793,-0.05360070988535881,-0.33100953698158264,-0.7998308539390564,-0.6069815158843994,-0.6422080397605896,1.2374725341796875,1.081075668334961,0.9243203997612,0.10499364137649536,-0.6509121656417847,0.29760414361953735,-0.7129166126251221,0.664746880531311,0.2606813609600067,0.1502300202846527,0.19998547434806824,0.5099585652351379,0.27384254336357117,-0.2635642886161804,0.1439475417137146,-1.5756462812423706,-0.2273406684398651,-0.2072741538286209,-0.3766386806964874,-0.7222899794578552,-1.2168608903884888,-1.180073857307434,0.3407308757305145,-0.6523283123970032,-1.7375613451004028,1.00630784034729,0.5544523000717163,2.0223679542541504,1.0467498302459717,-1.1846550703048706,-1.345023512840271,0.5530110001564026,-1.886235237121582,-0.3098496198654175,-0.7787457704544067,-0.017715660855174065,0.4589816629886627,1.937067985534668,0.21898068487644196,1.4801146984100342,0.8916454911231995,-1.2653433084487915,-0.6078664064407349,-0.3221140205860138,-0.572159469127655,-2.4789621829986572,0.451023668050766,1.248435139656067,-0.8901780247688293,-0.7282968759536743,-0.13406679034233093,-0.002666718326508999,-2.9821271896362305,-0.10327256470918655,-0.10302577167749405,-0.7223464846611023,2.0686707496643066,-0.20896905660629272,-0.3468758463859558,-0.24404984712600708,1.090722680091858,0.9034081697463989,0.050299808382987976,-1.1124398708343506,0.13793370127677917,1.5979117155075073,-0.8242943286895752,-0.1484769582748413,-1.910131573677063,0.13767696917057037,1.4242242574691772,1.9940742254257202,0.7765388488769531,0.1220518946647644,0.6428778171539307,-1.5811872482299805,-0.8425469398498535,0.25930991768836975,-1.609006404876709,0.2085375040769577,-0.4168667495250702,-0.31436946988105774,0.5192307233810425,-0.9919195771217346,0.3784433901309967,0.22368000447750092,-1.0496726036071777,-0.650182843208313,0.46070346236228943,-0.8620970249176025,1.0173709392547607,0.047978904098272324,1.466313123703003,-0.04357857257127762,0.20209313929080963,-0.3526160418987274,-0.07113763689994812,-1.5685499906539917,1.9651641845703125,0.6195436120033264,2.1481049060821533,0.34390467405319214,-0.5388118624687195,-0.9364331364631653,0.786251425743103,-0.6594467163085938,-0.2347511202096939,-1.4580219984054565,0.7135792374610901,-1.178531527519226,-1.895646572113037,1.1493769884109497,-0.6658193469047546,0.8642516732215881,1.07759428024292,0.9592628479003906,-0.5503032207489014,-1.3328927755355835,0.22077129781246185,0.5779641270637512,-2.49800181388855,-0.1987607628107071,-2.7367255687713623,-0.9347823262214661,0.05054819583892822,-0.5034931898117065,-0.6960676312446594,1.2403463125228882,-0.4335705041885376,-0.21039780974388123,0.9700189828872681,1.4625962972640991,-1.1876634359359741,-0.9536311626434326,-0.4576866924762726,2.4732518196105957,0.8430479168891907,0.03494831174612045,0.48639988899230957,0.4986749589443207,-0.892112672328949,-0.5528688430786133,-0.5302610397338867,1.783527135848999,1.4201302528381348,0.1330980658531189,-0.5198871493339539,-2.673633575439453,1.3574162721633911,0.33456316590309143,-0.07098828256130219,-1.3768799304962158,1.5522814989089966,0.4433780908584595,1.1349447965621948,-1.635746717453003,-0.7832413911819458,0.2604234516620636,-0.4151659607887268,-1.0361751317977905,-0.1411454975605011,0.18420648574829102,0.28109854459762573,0.8663650751113892,-0.15192224085330963,-0.2533004581928253,0.23546965420246124,0.5852051973342896,-0.05010783299803734,1.2135599851608276,0.6173455715179443,-0.9910481572151184,-2.0781073570251465,0.1569852977991104,0.36800962686538696
amazon-health.csv,-0.3135647773742676,-0.5510388016700745,0.6856719255447388,-0.42720597982406616,0.573716938495636,-0.24879038333892822,-0.8019943833351135,0.4344784617424011,-1.1943511962890625,0.1968892216682434,0.7080617547035217,-0.8810657262802124,0.2720826268196106,-0.21358749270439148,0.6931824684143066,0.6611301302909851,1.1575934886932373,0.8750500082969666,0.684538722038269,0.7986344695091248,0.7265527248382568,0.6494841575622559,1.0219303369522095,-0.5091409683227539,1.0826525688171387,1.5315215587615967,-0.5044492483139038,1.373490333557129,-0.6548328399658203,1.831356167793274,-0.6442235112190247,0.08606454730033875,-0.412637323141098,0.6346628665924072,0.684357225894928,1.0059373378753662,0.8020204305648804,0.11781392246484756,-0.9958280920982361,0.7120133638381958,-1.4452247619628906,0.11823239177465439,0.7053998708724976,-0.45497894287109375,0.3158499598503113,-0.3778737187385559,1.0410468578338623,-0.12424878776073456,-1.7113301753997803,-0.5054479837417603,0.5927958488464355,0.8167663812637329,1.04653799533844,0.21768590807914734,-1.35250723361969,-0.810539186000824,-0.8817552328109741,0.2334362417459488,-1.4318242073059082,0.6573695540428162,0.613646388053894,-1.2377896308898926,0.3957274258136749,-0.7325899600982666,1.2208914756774902,-0.8748182654380798,-0.16451655328273773,0.6035797595977783,0.9134706258773804,-0.331619530916214,-2.698303461074829,0.3525211811065674,0.24191230535507202,-0.20567679405212402,-0.3259528577327728,-1.214624047279358,1.202480673789978,-2.2771077156066895,-1.9809662103652954,-0.17984582483768463,0.4986470341682434,1.8855043649673462,-0.30085885524749756,-0.5080309510231018,0.19101327657699585,1.2675663232803345,0.8064351081848145,0.30480414628982544,-1.2586145401000977,1.131467580795288,1.4002513885498047,-1.0713913440704346,1.896539330482483,-0.26936978101730347,-0.16065870225429535,0.587537944316864,1.5626435279846191,-0.21133829653263092,-0.6131123304367065,1.4535579681396484,0.8579188585281372,-0.5799645781517029,-0.25185534358024597,0.8152661919593811,0.13240878283977509,-1.2163784503936768,0.5639030337333679,0.8769918084144592,1.1495189666748047,1.3463637828826904,0.8871492147445679,-2.7147939205169678,1.1161015033721924,0.8361688256263733,0.6328582167625427,-1.2348123788833618,-2.052055597305298,0.6260347962379456,0.6830920577049255,-0.4206470847129822,-0.2713332772254944,-0.9532729387283325,-2.2420270442962646,1.671428918838501,1.219785451889038,1.1501796245574951,1.1665992736816406,0.35895028710365295,-0.28014278411865234,0.5408648252487183,-0.666225016117096,-0.6295692324638367,-0.19790072739124298,0.20859022438526154,-1.1555160284042358,-0.3323093354701996,1.3317309617996216,-0.3869248628616333,-0.0971541553735733,-0.4286085367202759,1.1367605924606323,0.12443342804908752,-1.3958014249801636,0.6295408606529236,0.9640687704086304,-0.8793323636054993,-0.4941105246543884,-1.7755850553512573,-0.3926869034767151,-0.023691615089774132,1.6711866855621338,-0.7844273447990417,-0.4004954397678375,-1.2100614309310913,-0.4206009805202484,-0.9016422033309937,1.3934214115142822,-0.7477068901062012,-0.6649537682533264,-0.8964619636535645,1.3649085760116577,0.9053327441215515,-0.3984624743461609,-0.5874158143997192,0.29723504185676575,-1.3387342691421509,1.0681270360946655,0.8062264919281006,2.8935976028442383,0.358350545167923,0.3776722252368927,0.4526188373565674,-1.1254487037658691,1.2589763402938843,-1.0136526823043823,-0.7160945534706116,-0.9739856123924255,0.8701030015945435,1.8516582250595093,0.9542244076728821,1.3925331830978394,0.19113776087760925,0.9534674286842346,0.9557749629020691,0.4822961688041687,-1.2279877662658691,0.4458543360233307,0.7896219491958618,1.2168158292770386,0.5439329147338867,-0.6054721474647522,0.39224937558174133,0.8376414179801941,-1.2237857580184937,1.1445339918136597,0.039383579045534134,-2.671128511428833,-1.8580420017242432,1.0799596309661865,-0.4684743285179138
amazon-office.csv,-1.1178300380706787,-1.1648354530334473,-0.006299658212810755,-1.3101649284362793,-0.0986020416021347,0.8248607516288757,-0.807590126991272,-0.5127671957015991,0.701267421245575,0.7156606912612915,0.5326850414276123,-0.12827685475349426,-0.04828733950853348,0.8825471997261047,-0.36275380849838257,-0.1272364854812622,1.7600029706954956,1.4269345998764038,1.3911473751068115,1.5075713396072388,0.23455488681793213,0.4882013201713562,-0.5447567701339722,-0.3951551616191864,0.42268043756484985,0.7253121137619019,-0.7242370843887329,0.9121271967887878,0.04024314507842064,1.551613450050354,-1.3161492347717285,0.49494069814682007,1.3429847955703735,-1.0473123788833618,2.4689202308654785,0.11258850246667862,1.4311259984970093,0.9284781217575073,0.3238336145877838,-0.34482187032699585,0.03668636828660965,0.4251284599304199,-0.8724779486656189,0.38761505484580994,0.8400192856788635,0.22573062777519226,0.3675619661808014,0.39093953371047974,-0.6237252354621887,-1.6468790769577026,0.4791417419910431,0.18965427577495575,0.7748724222183228,0.87030428647995,-0.6235181093215942,-1.6551190614700317,-0.2014324963092804,-0.13976550102233887,0.7422580718994141,-0.4329374432563782,0.752724289894104,-0.6039083003997803,1.320863962173462,0.29068395495414734,1.7063350677490234,-0.8946691155433655,-0.9225066900253296,0.3088304400444031,-1.2740634679794312,0.4963523745536804,-0.9595136046409607,0.6605733036994934,0.08309947699308395,-1.2114146947860718,-0.24158848822116852,-0.8855658173561096,0.3086596429347992,-2.252857208251953,-0.9403136968612671,-1.4538196325302124,-0.9865928888320923,1.6760752201080322,-0.8100596070289612,-1.4917153120040894,1.045997142791748,1.406233310699463,1.441563606262207,1.027847170829773,-0.5292348265647888,-0.24515856802463531,1.9245902299880981,-0.14931321144104004,0.7100776433944702,0.4995134770870209,0.3101913034915924,1.4083243608474731,-1.0062274932861328,0.19222117960453033,-0.0023667223285883665,-0.1302894651889801,-1.2975517511367798,-0.968332052230835,-0.6977578997612,0.8444417119026184,-0.8501275777816772,-0.3222501873970032,-0.15600045025348663,0.8551650047302246,-0.5086675882339478,0.50717693567276,0.9807507991790771,-1.3651429414749146,1.833163857460022,0.39601874351501465,-2.3110904693603516,0.10875995457172394,-1.0194334983825684,0.8357002139091492,0.5752612948417664,-0.6281973719596863,-0.05038236826658249,-1.6352875232696533,-1.9255086183547974,1.595673680305481,0.5551799535751343,-0.37664029002189636,1.4495424032211304,0.8099274635314941,-2.3575761318206787,1.340714454650879,-0.5556944608688354,0.520222544670105,0.1985524594783783,0.7848291993141174,-1.6383559703826904,-0.5475132465362549,0.33737537264823914,0.2656736969947815,0.9106736183166504,-0.7210409045219421,-0.3926744759082794,-0.0980205312371254,-0.17021967470645905,1.1237313747406006,-0.35948872566223145,-1.7872135639190674,-1.4405996799468994,-2.4140219688415527,0.2415822297334671,1.2993621826171875,1.0206552743911743,0.20031265914440155,0.06551510840654373,-1.4173284769058228,-0.9067550301551819,0.4867551028728485,1.1365199089050293,-0.396883487701416,-1.93010675907135,-0.7974265813827515,0.12360771745443344,0.025270676240324974,-0.15185938775539398,1.671027660369873,0.9340148568153381,0.2115117460489273,-0.25460949540138245,0.4947812259197235,1.6678012609481812,0.03406263887882233,-0.4234302043914795,0.0259582307189703,-1.132724642753601,1.644853115081787,-0.7199932336807251,-2.2611656188964844,-0.37020936608314514,-0.04616931080818176,1.2019853591918945,0.3682459890842438,0.08739328384399414,0.45198506116867065,-0.6476290225982666,1.8048458099365234,-1.219301700592041,-0.38071271777153015,1.0316059589385986,1.4728623628616333,2.338257312774658,0.47204896807670593,0.013284049928188324,1.1063828468322754,0.3793415427207947,-0.541311502456665,0.8287568688392639,-0.10787507146596909,-1.4354561567306519,-1.1810230016708374,-0.7036921977996826,-1.2536762952804565
amazon-garden.csv,-1.3686370849609375,-0.8835601806640625,-0.09830787777900696,-0.3486422896385193,0.45431822538375854,-0.00332388817332685,-0.9551708102226257,-1.4759316444396973,0.022715583443641663,0.5118763446807861,0.77289879322052,-0.9463649392127991,-0.8327758312225342,-0.2622378170490265,1.1398588418960571,0.27897927165031433,0.49583035707473755,2.005511999130249,-0.6827887296676636,0.9063910841941833,-0.6570449471473694,0.7218360900878906,-0.941685676574707,-0.9153385162353516,0.027942314743995667,2.2598416805267334,0.968946635723114,1.3496166467666626,-0.6155990362167358,0.5779600739479065,-0.7885909676551819,0.08749735355377197,1.3322887420654297,0.4871491491794586,2.4501867294311523,0.3128834068775177,1.2321205139160156,0.42608442902565,-1.2806053161621094,-0.16971053183078766,-1.5219392776489258,0.9097310900688171,-1.290719747543335,-0.7865976691246033,1.192105770111084,0.8481382131576538,-0.277204692363739,-0.8416315317153931,-2.0589802265167236,-1.7826871871948242,0.1000676229596138,-0.6239776611328125,1.7214794158935547,0.32849544286727905,-0.72031569480896,-1.8554147481918335,-0.42217937111854553,-0.012893479317426682,-0.06088812276721001,0.35442137718200684,0.6746044754981995,0.257988303899765,1.3984395265579224,0.050392962992191315,1.2413065433502197,0.8688716292381287,-1.0614060163497925,0.45040491223335266,-0.3053876459598541,0.29887521266937256,-1.8727792501449585,0.9357486367225647,-0.30138447880744934,-1.5465625524520874,0.5553990602493286,-1.0052584409713745,1.064876914024353,-2.688523054122925,-0.37580639123916626,-1.227166771888733,-0.951818585395813,1.445915699005127,-0.9882349967956543,-0.4168481230735779,1.0358681678771973,0.20447827875614166,0.6946136951446533,0.031598128378391266,0.17510278522968292,-0.6179119944572449,3.0618534088134766,-0.9914892315864563,1.0889075994491577,0.6122720837593079,0.1214064285159111,1.7876639366149902,1.1120290756225586,-0.044151730835437775,-1.064431071281433,-0.6998980641365051,-0.11152681708335876,-1.430578589439392,-0.4609185457229614,-0.6734693646430969,-0.08573663979768753,-0.43385881185531616,0.08219365775585175,1.5703552961349487,-0.6654326319694519,0.033117033541202545,1.2435106039047241,-0.03393387421965599,0.669001042842865,0.9078527688980103,0.0006334478966891766,-0.6971881985664368,-1.036852240562439,1.7960050106048584,1.9400618076324463,-0.2585805654525757,-0.36907538771629333,-1.0873743295669556,-1.8510292768478394,1.2393814325332642,0.8310675621032715,0.47583749890327454,1.1415493488311768,0.5758621096611023,-0.2737695276737213,0.45077139139175415,-0.8788440227508545,0.28141987323760986,-1.2489748001098633,0.3369148373603821,-0.8162595629692078,-0.4675889015197754,1.2737780809402466,0.8305397629737854,0.9445977807044983,-0.956283450126648,0.5065427422523499,-0.5714902877807617,-0.14516673982143402,-0.26935088634490967,0.86684650182724,-0.9891976714134216,-0.3859137296676636,-1.696295142173767,0.22006569802761078,0.21320338547229767,0.15230825543403625,-0.8662624955177307,0.8376910090446472,0.37484657764434814,-0.8442794680595398,0.8258033990859985,1.552783489227295,-1.5736031532287598,0.5513193607330322,-1.6694563627243042,0.34628453850746155,0.6224839687347412,-0.3216547667980194,1.0525109767913818,0.8949039578437805,-1.3843551874160767,-0.2883339822292328,1.1827467679977417,1.9293577671051025,0.9875226616859436,-0.13617950677871704,-0.39131709933280945,-0.9528941512107849,0.4540555477142334,0.15262039005756378,-1.8941141366958618,-1.6471730470657349,0.3230190575122833,1.7288153171539307,0.6621576547622681,-1.1161555051803589,0.09736879169940948,0.013786028139293194,0.4834400713443756,0.41118937730789185,0.3039328455924988,0.026982856914401054,0.9958744645118713,1.753496527671814,0.1692143827676773,-0.5750519037246704,0.6531072854995728,-0.09837549179792404,-0.2929965853691101,-0.15341569483280182,-0.6039374470710754,-2.1895968914031982,-2.1775946617126465,0.29277458786964417,0.2436233013868332
movielens10m.csv,-0.888250470161438,-0.6737095713615417,0.9604871869087219,0.3727516531944275,-0.5454701781272888,-0.8047759532928467,-0.18266625702381134,0.05556534603238106,0.30631813406944275,0.2391299158334732,0.9280447363853455,-0.7624270915985107,0.15226347744464874,-1.6023473739624023,0.8080285787582397,-0.5633583068847656,1.7867779731750488,1.9989086389541626,0.974126398563385,2.15140700340271,-0.038054145872592926,-0.5230655670166016,0.12408550083637238,-0.6209637522697449,0.8978376984596252,0.29413729906082153,0.7456743717193604,1.992621660232544,-1.2810357809066772,-0.005518266465514898,-1.2731552124023438,0.7019788026809692,-1.6515558958053589,1.0893865823745728,3.0416629314422607,-0.43156933784484863,0.6474862694740295,0.36750486493110657,0.1081247478723526,0.5973469018936157,-1.0173461437225342,0.10835900157690048,-0.1436941921710968,-0.23082181811332703,-0.623377799987793,0.042161643505096436,1.0123902559280396,0.07970868051052094,-0.29384905099868774,-0.05995830148458481,0.13244566321372986,-2.307797431945801,2.0748932361602783,1.5737675428390503,-1.5350236892700195,-0.15332673490047455,0.3162488043308258,-0.24595312774181366,-1.0258421897888184,-1.4092133045196533,0.041579898446798325,0.9822568893432617,0.5808386206626892,0.08143367618322372,-0.5695143938064575,-0.008067930117249489,0.33125850558280945,-0.8095305562019348,0.4256174862384796,0.9863539934158325,-0.5891680121421814,0.0728403776884079,1.168142557144165,-2.0104753971099854,0.7775551080703735,-0.3393559753894806,0.3279030919075012,-1.7160903215408325,-0.748515784740448,0.6142484545707703,0.29801756143569946,1.2975172996520996,-0.5301710963249207,-1.0027176141738892,-0.48372671008110046,-0.9757659435272217,2.367694854736328,-0.3267045021057129,-0.48499783873558044,-0.4089847505092621,0.29595860838890076,-0.356693297624588,-0.29694652557373047,-0.7835911512374878,0.2044447660446167,0.12217549979686737,3.1839418411254883,1.0224686861038208,-0.28999465703964233,0.44730526208877563,-1.0969771146774292,0.024382570758461952,-0.20131783187389374,0.8144089579582214,0.29582494497299194,0.3589930832386017,0.49548181891441345,1.1619763374328613,0.5591888427734375,-0.6444529891014099,1.575049877166748,-1.8374621868133545,1.0641549825668335,0.3441740870475769,0.13689759373664856,-0.9407995343208313,0.4785483479499817,-1.0685067176818848,0.8164549469947815,0.5435088872909546,0.6426273584365845,-1.290198564529419,-1.102123498916626,0.20644359290599823,1.3490896224975586,0.14117056131362915,-0.4312414526939392,-1.1332683563232422,-1.3783421516418457,-0.0693715438246727,-1.21126127243042,-1.3422704935073853,-0.8987356424331665,-0.7247570157051086,-0.5088236927986145,-0.6149038672447205,0.3519580364227295,1.0482255220413208,-1.2403684854507446,-0.7758270502090454,0.2883470058441162,-1.2775369882583618,-1.8206610679626465,-1.0196263790130615,0.4513314366340637,-0.5827867388725281,0.5031829476356506,-1.6665250062942505,0.0789344310760498,1.0645179748535156,-0.45784398913383484,-0.9086019396781921,-0.825947105884552,1.2448015213012695,0.04523833841085434,-0.0918528288602829,0.9847896695137024,-0.532141387462616,-0.6460772752761841,0.080464668571949,0.880799412727356,0.6636554598808289,-0.536741316318512,0.05604309216141701,0.754204273223877,-1.1361998319625854,-0.519578218460083,0.13541942834854126,1.8668521642684937,0.5420034527778625,-1.2530499696731567,-0.9640621542930603,-1.7688405513763428,0.7991955280303955,0.05175250396132469,-2.367119789123535,-2.168187141418457,2.787431240081787,1.4916123151779175,0.2443893700838089,1.5560542345046997,0.3713846802711487,0.3346778452396393,1.9005954265594482,-0.12764336168766022,1.1088215112686157,-0.022907381877303123,0.3728022873401642,1.4588583707809448,1.0506094694137573,-0.3338637053966522,-1.1341511011123657,-0.3889269530773163,0.13843929767608643,-1.0479851961135864,-0.8828746676445007,-0.47796645760536194,-0.4192083477973938,-0.9762131571769714,-0.24556656181812286
amazon-movies.csv,-0.1164771094918251,-0.49638739228248596,-0.4658352732658386,-0.8790101408958435,0.6258986592292786,-0.680299699306488,0.32277119159698486,-1.121019959449768,0.6624825596809387,-1.0964328050613403,-0.008527533151209354,-3.418085813522339,0.4451538920402527,0.48185792565345764,0.9219315648078918,-1.1251250505447388,1.261687994003296,2.1546943187713623,-0.16595560312271118,-0.5699276328086853,-0.7281038761138916,0.12796717882156372,0.3500286340713501,-0.5988706350326538,-0.47345641255378723,0.6911094188690186,1.6317087411880493,-0.5509330630302429,-0.2614957392215729,1.7864396572113037,-1.734210729598999,-0.09717412292957306,0.2607274353504181,-0.5635365843772888,1.6036404371261597,1.0440913438796997,0.21665267646312714,1.648472547531128,0.5846952795982361,0.8891499042510986,-0.4004147946834564,0.23661264777183533,-0.685259222984314,1.2625911235809326,1.5110862255096436,0.05970101058483124,-0.04890136420726776,-0.24284148216247559,-2.065922498703003,0.569383978843689,-0.40362441539764404,-0.75713711977005,1.6307053565979004,0.6776428818702698,-0.5193918943405151,-0.9370284676551819,0.2021145522594452,0.012680570594966412,0.21490739285945892,-1.5000379085540771,-0.12002520263195038,-0.15117035806179047,1.4224661588668823,-0.015179609879851341,-0.023925159126520157,0.12901471555233002,-0.008095312863588333,1.0466647148132324,-0.7729483842849731,-0.3578331768512726,-1.14011812210083,0.45816779136657715,0.12062252312898636,-1.1282482147216797,-0.16432338953018188,-0.39058807492256165,-0.14283350110054016,-3.604933500289917,-1.3379948139190674,-0.32777169346809387,0.9275928735733032,3.110020160675049,0.5799410939216614,-1.8990471363067627,0.28706276416778564,0.6576123833656311,1.0876367092132568,0.9900357127189636,-0.9344799518585205,0.5127644538879395,0.9402098655700684,0.10619319975376129,-0.43415284156799316,-0.350759357213974,-1.7388559579849243,-0.17762522399425507,2.0557045936584473,0.553214967250824,-0.7712308764457703,0.3080003559589386,-0.6885493993759155,0.19063809514045715,-0.2636879086494446,1.104555606842041,-0.6194079518318176,-0.1261073797941208,-0.7341141104698181,0.3208560347557068,0.6585913896560669,0.39879900217056274,-0.40471795201301575,-1.1129595041275024,0.8865987062454224,0.8962814211845398,-0.5865966081619263,0.11760976165533066,-0.3246191143989563,0.07371031492948532,1.5525593757629395,-0.28906333446502686,0.7999427914619446,-0.1499066799879074,-0.6545661687850952,1.713367223739624,-0.1531427651643753,-0.4819113612174988,1.0647300481796265,0.28728199005126953,-2.1638782024383545,-0.1461867392063141,-1.0310959815979004,-1.7083404064178467,-0.325085312128067,-0.9034267663955688,-1.2100379467010498,0.1004098579287529,1.1943919658660889,-0.7975415587425232,1.5575697422027588,0.33590105175971985,0.5445699691772461,0.8631803393363953,-0.9818710088729858,-0.2941053509712219,0.5992001891136169,-2.0126917362213135,0.8987703919410706,-1.4241571426391602,-0.28469109535217285,1.0053941011428833,0.618085503578186,-0.9326807260513306,0.2832790017127991,-0.9046738147735596,-1.3815176486968994,-0.6951151490211487,1.7953135967254639,0.27351635694503784,-0.41776731610298157,0.4630242586135864,0.24727584421634674,1.2402366399765015,-0.8742197155952454,1.0411558151245117,0.7982263565063477,-0.41385266184806824,-0.8956291079521179,0.5956040024757385,1.6862603425979614,0.9173785448074341,1.0783870220184326,0.7828188538551331,-1.0551600456237793,1.91164231300354,-0.646482527256012,-1.9364384412765503,-0.581305980682373,0.13514241576194763,1.138864278793335,0.7688159346580505,-0.1304684728384018,0.5150026679039001,0.7351931929588318,0.7587140798568726,0.6536000370979309,0.585318922996521,1.3545066118240356,0.11423397064208984,1.551239013671875,0.2721480429172516,-1.4636141061782837,0.060370348393917084,0.9776591658592224,-0.08028379082679749,0.634656548500061,0.08104701340198517,-2.148707628250122,-1.3713124990463257,1.1128044128417969,0.0746408998966217
amazon-beauty.csv,-1.6439790725708008,-1.437448263168335,1.1392370462417603,-0.7352270483970642,-0.1706894338130951,0.9367755651473999,0.8510743975639343,-0.9721705317497253,-0.13376957178115845,-0.18504081666469574,0.6327930092811584,-1.8855427503585815,0.14972716569900513,-0.4909343421459198,-0.6380109190940857,-0.18781423568725586,1.2046829462051392,0.792869508266449,1.4840099811553955,1.4695775508880615,0.5329276323318481,0.09992113709449768,-1.2009143829345703,0.06559879332780838,-0.23650632798671722,0.10983960330486298,-0.6160032153129578,0.46285393834114075,-0.38606998324394226,0.618160605430603,-1.6519514322280884,1.6995527744293213,0.609329879283905,-0.7617486715316772,3.506136894226074,0.47115641832351685,1.244620680809021,0.8029325604438782,-0.06903297454118729,-0.10697291046380997,-0.5610658526420593,0.06888341903686523,-1.153820276260376,1.5023185014724731,1.6306161880493164,0.8334583640098572,0.21607549488544464,0.8509760499000549,-0.8726896643638611,-1.8718124628067017,0.6939546465873718,-1.1472245454788208,0.6091576218605042,0.05403399094939232,-1.055162787437439,-1.6450749635696411,-1.1063166856765747,0.5135198831558228,0.38718241453170776,-0.353131502866745,0.6754192113876343,-1.5617926120758057,0.9246492981910706,-0.30410057306289673,0.5491775274276733,-1.0523923635482788,0.24277958273887634,0.5029816031455994,-0.23734043538570404,0.8445932865142822,-1.0835782289505005,2.0442163944244385,-0.6955899596214294,-0.8326594233512878,-0.22038674354553223,-0.6579299569129944,1.1462645530700684,-2.2239253520965576,-0.2549261748790741,-0.5763212442398071,-0.5689122080802917,0.8930981755256653,-0.9916438460350037,-1.0889655351638794,0.5007714033126831,0.34118422865867615,-0.23262254893779755,0.162175253033638,-0.12352944165468216,-1.0277326107025146,1.1678557395935059,-0.9083591103553772,0.6214080452919006,-0.6471807956695557,-0.347603440284729,0.39887329936027527,1.0429675579071045,0.9917882084846497,1.187079906463623,-0.6855311393737793,-0.6649077534675598,-1.7468621730804443,-0.8004966378211975,-0.45494890213012695,-0.5817016959190369,-1.1590054035186768,0.4890657067298889,1.187529444694519,0.23465357720851898,0.8583911061286926,-0.6833286881446838,-1.1824400424957275,2.275721311569214,0.1535097360610962,-0.39467161893844604,0.019126957282423973,-0.6560553908348083,0.9364645481109619,1.2712510824203491,-0.10189662873744965,1.0115604400634766,-1.0844852924346924,-2.183591365814209,0.8816277980804443,-0.04640806466341019,1.1869207620620728,1.1065618991851807,0.1880405694246292,-0.8605327606201172,0.5127083659172058,0.37213778495788574,-0.44480836391448975,0.22589385509490967,0.38068804144859314,-0.8082650899887085,-0.41190865635871887,0.9042931199073792,-0.047815125435590744,-0.1621914505958557,-0.3758481442928314,0.12383962422609329,-0.7676882743835449,-1.1887186765670776,-0.41710588335990906,0.08530239760875702,-2.397906541824341,-0.33367180824279785,-2.5110952854156494,-0.7352874279022217,-0.024220947176218033,0.8659857511520386,-0.7105984687805176,0.5216494798660278,-2.0333662033081055,-0.392436683177948,-1.1761326789855957,1.3937426805496216,-0.3553398549556732,-0.5800976157188416,-2.442061185836792,-0.33391135931015015,0.7810003757476807,-0.28128889203071594,1.6375750303268433,1.1899187564849854,-0.330937922000885,-0.06392998993396759,0.6096144318580627,1.7501319646835327,-0.002642609877511859,0.05794868618249893,-0.2646956145763397,-2.224708318710327,0.4913077652454376,-1.2452313899993896,-1.4316145181655884,-1.2269744873046875,0.00811764970421791,0.9424436688423157,0.19391445815563202,0.27727803587913513,0.38337624073028564,-0.5259379148483276,1.2269282341003418,0.8777725100517273,0.00634355004876852,0.570774495601654,1.7762200832366943,1.7535635232925415,0.7103439569473267,-0.956404447555542,0.060249000787734985,0.926898717880249,-0.5979575514793396,0.9105028510093689,-0.5357177257537842,-1.5413669347763062,-0.3004695475101471,-1.8411279916763306,-1.3426074981689453
amazon-home.csv,-0.310188353061676,-1.4116047620773315,0.2877694070339203,-1.1839405298233032,-0.4531283378601074,-0.49859538674354553,-0.8101483583450317,0.22114574909210205,-0.1157938539981842,0.041048258543014526,1.4095723628997803,-0.5721185207366943,0.1352762132883072,-0.7736896872520447,-0.5950880646705627,1.405726432800293,1.2967636585235596,2.310312509536743,1.3785406351089478,0.6669072508811951,0.11667509377002716,1.3414428234100342,-0.5671387314796448,-1.848075270652771,-1.359995722770691,0.5848638415336609,1.0793125629425049,1.3791892528533936,0.14500004053115845,0.12080852687358856,-1.340890884399414,0.7297999858856201,0.29936692118644714,0.6566984057426453,1.4826825857162476,0.7030850052833557,0.020415958017110825,1.4924196004867554,-0.5841293931007385,0.3578574061393738,0.035326093435287476,-0.11080197989940643,-0.9929125905036926,0.3193475008010864,0.2789357602596283,-1.1784148216247559,-0.4386078715324402,-1.6542720794677734,-1.2744948863983154,-1.0355420112609863,-0.7128313183784485,-0.05331318825483322,0.8831204175949097,0.9518320560455322,-0.5684346556663513,-1.6269820928573608,-0.9991249442100525,-0.6853504180908203,-1.4345248937606812,-0.29375603795051575,-0.17646779119968414,-0.1992189884185791,0.16522859036922455,0.5137247443199158,1.6550639867782593,0.11376819014549255,0.3828035593032837,0.598975658416748,-0.22201399505138397,0.4735157787799835,-0.4606229364871979,1.1963865756988525,0.3215019106864929,-2.1432175636291504,1.1769505739212036,0.06511032581329346,-1.0227916240692139,-1.342455506324768,0.5756274461746216,0.1248665302991867,-1.3956629037857056,2.0448174476623535,0.41812822222709656,-0.949795126914978,0.8927711844444275,0.971980094909668,1.771904706954956,-0.15885955095291138,-1.091089129447937,0.5799714922904968,2.031188726425171,0.895236611366272,0.9007517695426941,-0.8634119033813477,0.6475051045417786,1.0021787881851196,1.9744489192962646,0.2515813708305359,-0.3768019676208496,0.2932776212692261,-1.0955810546875,-1.698503851890564,-0.5802334547042847,0.5769621133804321,-0.6509119868278503,-1.229278802871704,-0.07111482322216034,1.3209354877471924,-0.02438678964972496,0.10931368172168732,-0.5025908350944519,-2.340623617172241,1.588379979133606,1.3271467685699463,-0.020459892228245735,-0.14157207310199738,-0.7489142417907715,0.3165832459926605,1.276126742362976,0.5748998522758484,0.1141313686966896,-0.22469168901443481,-0.8683680295944214,1.8503684997558594,0.34989476203918457,0.9269198179244995,1.582863450050354,-0.3101447522640228,-2.0080156326293945,0.387178897857666,-0.9417724609375,-0.9714593887329102,0.3747982680797577,0.4047616720199585,-1.4145084619522095,-0.7318708896636963,1.0884346961975098,-0.4993067681789398,-0.351758748292923,0.2689986228942871,-0.3538864254951477,-0.04903634265065193,-1.4555238485336304,0.07543278485536575,2.206815719604492,-0.30129486322402954,-0.04449174180626869,-2.2190823554992676,-0.6653928160667419,-0.2548463046550751,1.0536555051803589,-1.3281365633010864,0.5819128155708313,-1.1821644306182861,0.432669460773468,0.19201892614364624,1.2389708757400513,-0.00487672770395875,-0.504696786403656,-0.6749464273452759,1.0728143453598022,1.366064429283142,-0.6560177206993103,0.79367995262146,0.8225955963134766,0.0272385161370039,0.1808542162179947,0.6986023187637329,1.1829469203948975,0.0818452537059784,0.08931560069322586,0.2955867052078247,-1.0189671516418457,1.5239861011505127,-1.572238564491272,-0.4369611442089081,-2.662597417831421,0.26040855050086975,2.7596349716186523,-0.39024242758750916,0.08884146809577942,0.582638680934906,0.12885883450508118,1.2694259881973267,-0.0639902800321579,-0.32802295684814453,0.5811653733253479,0.8318349719047546,2.05385160446167,1.196661353111267,-0.617843508720398,0.040342509746551514,0.3479079604148865,-0.1788448691368103,0.5958631038665771,1.1552354097366333,-1.707257866859436,-1.5879970788955688,-0.3136853575706482,-0.785615861415863
amazon-food.csv,-1.366033911705017,-2.3338122367858887,0.4682723879814148,-0.7291737198829651,0.03630605340003967,-1.0579206943511963,0.3588291108608246,0.4709606170654297,-0.7097079157829285,0.391140878200531,2.1281869411468506,-1.3198670148849487,0.9103615880012512,-1.0799446105957031,-0.39040765166282654,1.4461989402770996,0.9315893650054932,1.5115289688110352,1.5401531457901,1.5410100221633911,-0.34696170687675476,0.42996177077293396,-0.6341117024421692,-0.8891337513923645,0.047468800097703934,0.8361968398094177,0.5602449178695679,0.9900537133216858,-0.2648269236087799,0.7514365911483765,-0.9344117045402527,0.3340589106082916,1.3049484491348267,-0.24549715220928192,1.539916753768921,0.3134138584136963,0.6968075037002563,0.9837819933891296,0.6629323959350586,-0.8202918767929077,-0.6710532903671265,0.2124750316143036,-1.084697961807251,0.36889976263046265,0.7655155658721924,0.31709960103034973,0.3727578818798065,-0.21773487329483032,-0.9786559343338013,-1.0042778253555298,0.1318565458059311,-0.1187412440776825,1.0163425207138062,-0.5575258731842041,0.03270542994141579,-1.4449882507324219,-0.38640862703323364,-1.5574363470077515,-0.3501352071762085,-0.6627380847930908,-0.3691100776195526,-0.20369911193847656,1.4012601375579834,0.6640657782554626,1.601514458656311,-0.9766125679016113,-0.017500685527920723,0.4870873689651489,-0.02991686575114727,0.09115123748779297,-1.0735082626342773,1.193132758140564,1.3852406740188599,-1.8581486940383911,0.1695265769958496,0.2724359929561615,0.7677849531173706,-1.777221441268921,-0.3221030533313751,0.1410214900970459,-1.4704140424728394,1.9083329439163208,-0.16104350984096527,-0.44338539242744446,0.315932035446167,0.9562047719955444,1.24318265914917,0.07435808330774307,-0.3413616418838501,-0.7357304096221924,3.131119966506958,-0.9172717332839966,0.7543222308158875,-0.8875705599784851,0.20609787106513977,1.129883050918579,1.080265998840332,0.578855037689209,0.585981011390686,-0.0005070755141787231,-0.9579530954360962,-2.2227392196655273,0.5579055547714233,-0.34237805008888245,-0.45089006423950195,-0.6992193460464478,0.36694100499153137,1.7484254837036133,-0.16538500785827637,0.5931751132011414,0.6234825849533081,-1.390891194343567,1.1994366645812988,0.9056937098503113,-0.13651162385940552,-0.14052525162696838,-0.47732749581336975,0.10748378932476044,0.700206458568573,-0.08698514103889465,0.2828756868839264,-0.4700319766998291,-1.9140435457229614,2.430173397064209,0.4140055179595947,0.724281907081604,0.5926758050918579,0.8495078682899475,-1.1288565397262573,-0.015628313645720482,-0.44584882259368896,0.5737617611885071,-1.2459874153137207,1.0812305212020874,-1.5846221446990967,-0.8655016422271729,1.2119636535644531,-0.14049142599105835,0.7812296152114868,0.6266952753067017,0.033152543008327484,-0.27400079369544983,-1.5465115308761597,-0.043147012591362,0.7573700547218323,-2.2927091121673584,-0.4041459858417511,-2.4093592166900635,-0.97786545753479,-0.15938597917556763,1.3474996089935303,-1.439047932624817,0.6068810820579529,-0.3944706618785858,0.10037530958652496,0.49818944931030273,1.2237802743911743,0.06848439574241638,-0.5696360468864441,-1.2762632369995117,0.3258967399597168,2.097043991088867,-0.2655039429664612,0.4442250728607178,0.7104676365852356,-0.28839659690856934,0.5837808847427368,-0.29001227021217346,1.9761462211608887,-0.08916538953781128,-0.6215314269065857,-0.46256551146507263,-2.10440993309021,1.2342292070388794,-0.5460623502731323,-1.2432270050048828,-1.7983055114746094,-0.6114818453788757,1.5529680252075195,0.06789367645978928,-1.0568890571594238,0.013049713335931301,-0.1793362945318222,0.7950500845909119,-0.6072636842727661,-1.6758252382278442,0.25913119316101074,0.7018954157829285,2.0227816104888916,-0.9508285522460938,-0.11451545357704163,-0.7622092962265015,1.2260502576828003,-0.3887520134449005,0.24538767337799072,-0.9071249961853027,-1.809850811958313,-1.3878122568130493,-0.08598059415817261,-1.1764745712280273
amazon-toys.csv,-2.1733570098876953,-0.5334402322769165,0.5258373022079468,-0.7802226543426514,-0.2554469406604767,-0.6571084260940552,0.124359130859375,0.20086483657360077,-0.6720358729362488,-0.6477237343788147,0.8112233877182007,-1.2165398597717285,-0.16690270602703094,-0.7536067366600037,-0.5429388284683228,1.0811095237731934,0.5926189422607422,1.6375820636749268,1.3487693071365356,1.559080958366394,-0.3999413251876831,0.5120253562927246,-1.6463576555252075,-0.19059540331363678,0.4275042414665222,0.43961986899375916,0.7527267336845398,1.2096269130706787,-1.061501383781433,0.2407035231590271,-0.7903040647506714,1.2976175546646118,0.21496890485286713,0.13192571699619293,3.364102602005005,1.1345003843307495,0.9755348563194275,1.2615628242492676,0.494337260723114,-0.8331932425498962,1.030793309211731,0.43057215213775635,-0.9901987910270691,0.3708820044994354,2.399688243865967,0.6149812340736389,-0.40160664916038513,0.20653778314590454,-1.076560139656067,-1.3781918287277222,-0.3867367208003998,-1.4863524436950684,1.5286303758621216,-0.07102662324905396,-0.4811610281467438,-1.0452072620391846,0.2668808698654175,0.3431245982646942,0.32043173909187317,-1.007358193397522,-0.3440259099006653,0.11763876676559448,0.7273268699645996,0.7009438276290894,0.9891854524612427,-0.8037420511245728,-0.36845558881759644,0.9381967782974243,0.11317812651395798,-0.02784523367881775,-0.9596366286277771,0.6182710528373718,0.09465166926383972,-2.636779308319092,0.8110669255256653,-0.030514148995280266,0.6875591278076172,-2.647338390350342,-0.6579250693321228,-1.315186619758606,-0.7774457931518555,0.9316821694374084,-0.8827412724494934,-0.24171452224254608,-0.38080745935440063,0.2168065905570984,0.5294366478919983,-0.9746328592300415,0.8804810643196106,-1.3743730783462524,2.3200173377990723,-0.7499884366989136,1.4527523517608643,-0.2143130600452423,0.4935678541660309,0.18508386611938477,1.8693475723266602,0.4469817876815796,-0.13332270085811615,-2.0900540351867676,-0.9972195625305176,-1.1846985816955566,0.11627330631017685,-0.27037569880485535,0.7373967170715332,-0.4793701469898224,0.6099240779876709,2.4481053352355957,0.11301861703395844,-0.6994446516036987,0.5633480548858643,1.1550589799880981,1.7218873500823975,-0.38365882635116577,0.05988670885562897,-0.6348127722740173,-0.9342473149299622,0.8140877485275269,1.1659091711044312,-1.0066806077957153,0.46613314747810364,-0.41730284690856934,-1.5523900985717773,1.5184481143951416,0.13113941252231598,0.583375096321106,-0.48896095156669617,0.30487772822380066,-0.19086727499961853,0.06150306388735771,-0.8013840317726135,0.6488059163093567,0.23234941065311432,0.5534358620643616,-0.8107783794403076,-0.21020859479904175,1.1148027181625366,-0.40519896149635315,1.1771992444992065,-0.1213032677769661,0.2013651579618454,-1.1178027391433716,-1.0093525648117065,0.5254944562911987,0.5096811652183533,-2.072127342224121,-0.1262960582971573,-2.7575607299804688,-1.26003098487854,-0.7133373618125916,0.03741908818483353,-1.0287017822265625,2.221553087234497,-0.3147200047969818,-0.33500397205352783,0.4276714622974396,1.2754275798797607,-0.05187511444091797,-1.1911243200302124,-0.8069676160812378,-0.014019900932908058,0.22426903247833252,0.03494199365377426,0.8677331805229187,0.12861807644367218,-1.2750083208084106,-0.4493328630924225,0.3032885491847992,2.266160249710083,1.4286991357803345,0.017086174339056015,-1.5067110061645508,-0.7368590831756592,0.35066676139831543,0.16661837697029114,-1.6093320846557617,-2.3097591400146484,-0.1692269742488861,1.2672100067138672,0.1949315369129181,-0.7771843075752258,0.22974935173988342,0.22348567843437195,1.2884529829025269,-1.3164615631103516,0.36361926794052124,-0.5361826419830322,0.9530819654464722,1.3428446054458618,-0.7529188990592957,0.3957381844520569,0.5541091561317444,0.5184451341629028,-0.7406492829322815,-0.7768687009811401,-0.9469106197357178,-0.769328236579895,0.5155496597290039,-0.5795981884002686,-0.7004189491271973
yahoo-music.csv,-0.28244438767433167,-0.5917033553123474,0.2632312774658203,-1.283040165901184,0.07008989155292511,-1.527016520500183,0.5465764403343201,0.7867968082427979,-0.7049762606620789,-0.45797809958457947,-0.3553452789783478,-0.01234774012118578,0.31594496965408325,-0.8237214684486389,-0.39498889446258545,0.3970871865749359,1.0098587274551392,0.9294565916061401,-0.3217649459838867,1.4059877395629883,0.049955446273088455,-0.14464525878429413,-0.744939923286438,-1.3890092372894287,-0.6112363934516907,0.2656608819961548,1.5616765022277832,0.6050626635551453,-0.8568589091300964,-1.0199083089828491,-1.0108137130737305,0.3350923955440521,0.7438907027244568,0.14092479646205902,1.5431817770004272,0.5424613356590271,1.0675820112228394,0.17655512690544128,-1.2940424680709839,0.6142522096633911,0.1711137890815735,0.23326203227043152,-2.087111234664917,0.7256907820701599,0.7938363552093506,-0.44576045870780945,-0.9567141532897949,0.9301685094833374,0.5505339503288269,-1.1955636739730835,0.06551814079284668,0.412792444229126,1.0015963315963745,0.8944900631904602,-0.97505784034729,-0.31178513169288635,-1.2257661819458008,-0.6257022023200989,-0.2158202826976776,0.3715643286705017,-0.2559865415096283,-0.6501582264900208,1.88017737865448,0.5879639983177185,-0.06131206080317497,0.8523383140563965,1.1760218143463135,0.4300302267074585,-0.922216534614563,-0.1366015523672104,-2.1776723861694336,-1.1305598020553589,1.1217527389526367,-1.4435559511184692,-0.5017322897911072,-0.812919020652771,-0.010552319698035717,-1.9869351387023926,-0.6568517684936523,0.6884608864784241,1.5772796869277954,1.0790928602218628,-0.17384664714336395,-1.5221846103668213,-0.26361367106437683,2.726503372192383,0.8730536103248596,0.10114257037639618,-1.4791779518127441,-0.7929631471633911,0.07195588201284409,-1.4370477199554443,0.9158048629760742,-0.8053354620933533,1.751999020576477,0.19388051331043243,1.8661330938339233,1.7541502714157104,-0.242685467004776,0.511795699596405,-0.30756840109825134,-0.21904391050338745,-0.6827866435050964,1.243401288986206,-1.006328821182251,-0.23197592794895172,1.7718547582626343,0.4433858096599579,-0.7036095261573792,-0.7097575664520264,-1.2235852479934692,0.05372020974755287,1.8886134624481201,-0.8876218199729919,0.7114458680152893,-1.5066580772399902,0.8876702785491943,0.317131906747818,-0.4516672194004059,-0.15175940096378326,0.41263920068740845,-2.0874438285827637,-1.2674001455307007,0.38524454832077026,0.4930601119995117,0.6822811961174011,-0.5491289496421814,1.2464734315872192,-1.2237181663513184,0.15494948625564575,-0.23985058069229126,-0.9350464940071106,0.2938674986362457,-0.12677404284477234,-0.15772652626037598,-0.7899941802024841,-0.1064557433128357,-0.5515175461769104,0.7783252596855164,-0.9058087468147278,0.4542343020439148,-1.1382145881652832,-0.7660073637962341,1.2683390378952026,-0.5194644927978516,0.10469937324523926,-1.2429072856903076,-1.6112526655197144,0.19174601137638092,0.7883518934249878,0.019511057063937187,-2.860353708267212,0.651776909828186,1.066912055015564,-0.7118690609931946,-0.198177769780159,-0.6322172284126282,-0.8029231429100037,1.0961252450942993,-1.5094389915466309,1.200256586074829,0.06302660703659058,-0.6125634908676147,0.016420090571045876,-0.11705058813095093,-1.6091909408569336,-2.0721237659454346,0.3276849389076233,2.1680262088775635,0.019244646653532982,0.32343772053718567,-1.4462779760360718,-0.5928108096122742,1.4060966968536377,-0.18855629861354828,-0.02429848536849022,-1.4210567474365234,1.0352702140808105,1.1977535486221313,0.5452232956886292,0.7351120710372925,1.0170849561691284,0.572384238243103,0.2558552920818329,-0.2555706202983856,1.2370293140411377,1.8588128089904785,1.3679600954055786,3.799342393875122,0.9011868834495544,0.47530969977378845,0.47161194682121277,1.0905972719192505,-0.4643228352069855,0.09957658499479294,-0.49464619159698486,-0.570525586605072,0.519027590751648,0.24172253906726837,-1.1676429510116577
movielens20m.csv,-0.5320576429367065,-1.0061330795288086,-0.9131588339805603,0.4346499741077423,1.4094265699386597,0.6286535859107971,0.7936850190162659,0.30181896686553955,0.9350467920303345,-0.18536055088043213,0.939649760723114,-0.6509621739387512,0.7570760846138,-0.46139174699783325,-0.7858673930168152,-0.04694178327918053,2.1171066761016846,0.0656391978263855,0.5526143312454224,1.5201761722564697,-0.37163376808166504,0.39450153708457947,-1.2537981271743774,-1.339455485343933,-1.5611002445220947,-0.26899492740631104,0.06249937042593956,1.6348446607589722,-1.2933694124221802,-0.7723692655563354,-0.8044706583023071,0.04843132197856903,0.8714746236801147,1.6385393142700195,2.412830114364624,1.382422924041748,-0.4833865761756897,0.4324168562889099,-0.6012244820594788,0.7839508056640625,-0.8131563067436218,0.7881700992584229,-0.589854896068573,-0.07285716384649277,-0.47136378288269043,-0.8813480138778687,-0.976646363735199,0.24031923711299896,-0.9168113470077515,0.2210167944431305,-0.7867230772972107,1.4455640316009521,0.9066580533981323,-0.6370528340339661,-0.6359094381332397,-1.105652093887329,-0.5588310956954956,-0.6365532875061035,-0.8979175090789795,1.4116697311401367,0.11371651291847229,-0.5667030811309814,0.048877157270908356,0.7430516481399536,-0.16258475184440613,0.5149239897727966,-1.8092381954193115,1.130082607269287,-1.0933343172073364,0.5317907333374023,-0.12007161229848862,0.6391360759735107,0.45323610305786133,-2.2390780448913574,0.29644447565078735,-1.5300979614257812,0.43491965532302856,-1.7129765748977661,-0.458584189414978,-0.3633520007133484,0.763937771320343,1.0911763906478882,1.4514214992523193,-0.18659523129463196,0.2907564640045166,-0.9517001509666443,1.1051965951919556,-0.8418530821800232,-0.5461205840110779,-1.3732243776321411,0.5752955675125122,-0.4520634114742279,0.01325301919132471,-2.959354877471924,0.7772735953330994,1.695021629333496,1.8425533771514893,0.9400244951248169,-0.8955744504928589,0.1620771735906601,-0.7672252655029297,-0.5965778231620789,-1.744215726852417,-0.5180776715278625,-2.0275700092315674,-1.7362769842147827,0.556032657623291,-0.3653481900691986,-1.3833004236221313,-0.9400910139083862,0.7577977180480957,-0.07620164752006531,2.1383955478668213,1.2617268562316895,0.4394299387931824,-0.5601693391799927,0.19519704580307007,0.6722234487533569,-0.051400553435087204,-2.0659961700439453,0.13423685729503632,-1.402658462524414,-1.4356305599212646,1.3407179117202759,-0.3749392330646515,0.29995715618133545,-1.8094958066940308,-0.2588745951652527,-2.4097061157226562,-1.364640235900879,-0.9943051934242249,-0.4844619333744049,1.1753437519073486,0.8461459875106812,-1.0787891149520874,1.6913959980010986,1.1191309690475464,-0.3055174946784973,-0.2848752439022064,-0.6134530305862427,0.10497257113456726,-0.8011729121208191,-1.0716171264648438,0.36844325065612793,1.5652015209197998,-0.02722434513270855,-0.3023169934749603,-0.829492449760437,0.5090200901031494,1.107562780380249,0.9649686217308044,-0.7536036372184753,0.4348960220813751,-0.6389280557632446,-0.20274104177951813,-0.013292903080582619,1.7483962774276733,-1.2400071620941162,0.07821685075759888,-0.4451393187046051,1.889865517616272,0.8309862017631531,0.3695261478424072,0.28056851029396057,1.3430615663528442,-1.917754888534546,-1.0627411603927612,-0.3274887204170227,1.2085179090499878,0.0403708852827549,-0.5688018798828125,-0.4583801329135895,-0.8327048420906067,0.5697539448738098,0.4554261267185211,-0.8238770365715027,-1.2368205785751343,0.5688275098800659,0.6061410307884216,1.104516625404358,0.6243165731430054,0.5429299473762512,-0.28295081853866577,1.303076982498169,-1.1945711374282837,0.0936790332198143,1.186498761177063,0.3842976689338684,0.7073181867599487,0.43044066429138184,0.5065728425979614,0.6440903544425964,1.5059998035430908,-0.48546621203422546,0.7086001634597778,-0.47927337884902954,-1.6327708959579468,0.6109268665313721,-1.4684942960739136,0.15267428755760193
movielens1m.csv,-0.3836805522441864,-0.31279560923576355,-0.25641196966171265,-0.9849436283111572,0.3667822778224945,-0.5811558961868286,-0.5776689052581787,-0.0544610358774662,-0.2521404027938843,0.18914635479450226,2.0795228481292725,-2.2621004581451416,1.1599452495574951,-0.7739050984382629,0.07820834964513779,0.6519044637680054,1.8268253803253174,0.1849026381969452,1.5168602466583252,0.8380521535873413,-1.2684396505355835,-0.32927554845809937,1.0286415815353394,-1.456709623336792,0.37203747034072876,0.19904348254203796,1.1545605659484863,-0.6713238954544067,0.059636857360601425,0.23654870688915253,-0.8908460736274719,0.2744467556476593,0.542083740234375,1.2361807823181152,0.9261502027511597,-0.58974689245224,0.5736632943153381,-0.3003205358982086,-0.3009789288043976,-0.0829661637544632,-0.5154716372489929,0.4745907187461853,0.4259120523929596,0.298108845949173,-0.7926802635192871,0.39443036913871765,-1.3366948366165161,1.2820645570755005,-1.7907177209854126,-0.45258674025535583,-0.019144881516695023,0.019910307601094246,1.1591309309005737,0.09616506099700928,-0.5943916440010071,-0.6272754073143005,-0.16191710531711578,-0.547883152961731,-1.6657695770263672,-0.08538497984409332,-0.130956768989563,-1.230019211769104,0.23377582430839539,0.14858931303024292,-0.7115941643714905,-1.5408803224563599,-0.4002920985221863,-0.26969000697135925,0.6283900737762451,2.0735814571380615,-0.3755909204483032,0.9431599378585815,0.7827712893486023,-1.586635708808899,-0.9684697389602661,-1.4152822494506836,-1.2660902738571167,-1.9968665838241577,-0.738480269908905,-1.31993567943573,1.1247930526733398,-0.47163718938827515,0.09166126698255539,-1.1057664155960083,0.5301620960235596,0.2751857340335846,0.3861256539821625,0.38184893131256104,-0.8811628818511963,-1.1635465621948242,0.6888364553451538,-0.4189568758010864,0.8014833927154541,-0.8839619755744934,0.6101465821266174,0.3380115032196045,2.3202316761016846,2.302478551864624,-1.278141975402832,-0.2959296405315399,1.0857148170471191,-2.369020462036133,-1.245593547821045,0.44599634408950806,0.20781266689300537,0.13371983170509338,1.1142593622207642,-0.4784594476222992,-0.34477898478507996,-0.019791850820183754,1.0103243589401245,-0.22283239662647247,1.5966163873672485,0.23124638199806213,-0.7651328444480896,-2.2552270889282227,-0.4846975803375244,-0.41600313782691956,0.7774429321289062,0.44170889258384705,-0.20908747613430023,-0.5400201082229614,-1.7533624172210693,1.4402034282684326,-0.033710777759552,-0.08267797529697418,2.257611036300659,0.6559568047523499,-0.679961621761322,0.18516229093074799,-1.2963370084762573,-0.9414434432983398,0.7330713272094727,1.3931124210357666,0.49713149666786194,-1.2347286939620972,-0.3822069466114044,-0.1695965975522995,-0.5825332403182983,0.7357483506202698,1.049988865852356,-0.6935297846794128,-2.046572685241699,1.1897679567337036,1.5170848369598389,-1.4366036653518677,0.359966903924942,-0.4029999077320099,-0.3824133574962616,0.004718760494142771,0.33739417791366577,-0.37602555751800537,1.076497197151184,-1.452820897102356,-0.6832455992698669,0.9338042140007019,-1.833249807357788,-0.686012327671051,-0.3634498417377472,-1.9425791501998901,0.5173013210296631,1.3749171495437622,0.04902936518192291,-0.5532737374305725,-0.5355983376502991,0.2552744746208191,0.05395737290382385,-0.14154508709907532,1.1413291692733765,0.49161940813064575,0.040892839431762695,0.6214918494224548,-1.8480262756347656,2.5941174030303955,-1.608676552772522,-0.6415268182754517,-1.4493608474731445,0.526576042175293,1.606464147567749,1.7931169271469116,0.24537397921085358,-1.4351798295974731,-1.753646731376648,0.554488480091095,-0.7183787822723389,1.1337063312530518,0.8137407898902893,0.8897382020950317,1.0999338626861572,0.2540532946586609,1.8979443311691284,0.585749089717865,0.08222837001085281,0.46163514256477356,-0.9862021803855896,0.4203881323337555,-0.7639877796173096,0.81734699010849,0.5053975582122803,-1.4696507453918457
amazon-pet-supplies.csv,-0.8133108019828796,-1.149058222770691,1.4306546449661255,-0.18911951780319214,0.24098043143749237,-0.2518211305141449,-0.6764122247695923,-0.20131544768810272,-0.5881005525588989,0.41852566599845886,1.7938690185546875,-2.021559238433838,0.9125275611877441,-0.6672413349151611,-0.40857112407684326,-0.13353471457958221,1.1979683637619019,2.016812801361084,1.308019995689392,0.7031587362289429,-0.329576313495636,0.30878499150276184,-0.38265761733055115,-0.23126734793186188,0.40421560406684875,0.6039409637451172,0.45861849188804626,1.8741885423660278,-0.14184528589248657,1.259690523147583,-0.19804683327674866,0.692858874797821,0.087084099650383,-0.6698880791664124,2.558058500289917,1.487554907798767,0.20864899456501007,0.6040098071098328,0.45900759100914,-1.3012913465499878,0.2082298845052719,0.6909667253494263,-1.184767484664917,0.8543714880943298,0.6985751390457153,0.15746501088142395,0.7241882085800171,-0.11552950739860535,-1.1199530363082886,-1.8417171239852905,-0.0069188750348985195,-0.5700272917747498,1.9897702932357788,-0.7621350288391113,-0.42725464701652527,-2.0276341438293457,-0.13783006370067596,0.18001458048820496,0.20404653251171112,-0.5560777187347412,-0.027114350348711014,-0.4304184317588806,0.9254815578460693,0.7737515568733215,0.08871724456548691,0.29306942224502563,-0.31856387853622437,1.1951740980148315,0.02479269914329052,0.02756543643772602,-0.1486634761095047,1.5614066123962402,-0.9363541603088379,-1.9460046291351318,0.03125594183802605,-0.8111748695373535,1.0279279947280884,-2.9022316932678223,-0.11616351455450058,-0.7421075701713562,-1.5080620050430298,2.1999032497406006,0.15011045336723328,-1.0037317276000977,-0.14965252578258514,0.4008462429046631,1.46504545211792,-0.15087752044200897,0.6515477895736694,-0.7261161804199219,2.07363224029541,-0.5388398766517639,-0.14437581598758698,-0.8654572367668152,-2.174379348754883,1.2127621173858643,1.6523586511611938,-0.83127760887146,0.2057763934135437,-1.1608878374099731,-0.31136974692344666,-1.7214610576629639,-0.19753825664520264,-0.4160539507865906,-1.0565294027328491,-0.04902581125497818,0.49115264415740967,0.8917629718780518,0.6109910011291504,-0.2472202181816101,0.5234931707382202,-0.3976146876811981,0.5032036900520325,-0.017766933888196945,-0.1664135605096817,-0.46402955055236816,-0.3296838104724884,1.3847583532333374,0.7422118186950684,-0.5451758503913879,0.29769131541252136,-1.353184461593628,-1.5983163118362427,2.016080141067505,-0.6705673336982727,-0.07625628262758255,0.45172518491744995,0.8578386306762695,-0.1726822853088379,-0.356277734041214,-0.9757214188575745,0.26856091618537903,-0.1255287081003189,-0.44339674711227417,-0.5657849311828613,-0.06659989804029465,0.5304124355316162,-0.3096480369567871,0.3036225140094757,-0.18606437742710114,1.524401307106018,0.30357661843299866,-0.2729487717151642,-1.6727577447891235,1.082563877105713,-2.277845621109009,-0.1470615267753601,-2.9309887886047363,-0.5554001331329346,-0.029365908354520798,0.4467191696166992,-0.873310387134552,-0.08814600855112076,-0.17522162199020386,-0.39533790946006775,-0.03748003765940666,0.9445561170578003,-0.6708085536956787,-0.06976307183504105,-1.4884450435638428,-0.8830888867378235,1.6293871402740479,-0.06869552284479141,1.4342800378799438,1.0184943675994873,-1.1841353178024292,-0.4034738540649414,0.8766918182373047,3.039259910583496,-0.38509276509284973,0.07344662398099899,-1.538085699081421,-1.635884165763855,1.4124618768692017,-0.7246665954589844,-0.8549959063529968,-2.0099830627441406,-0.5649764537811279,0.9529274106025696,0.8425816297531128,-1.2068603038787842,-0.13405944406986237,0.4316316843032837,1.061262845993042,-0.6439874172210693,-0.5616309642791748,0.2213849276304245,1.534354567527771,1.1996500492095947,-1.019486665725708,-0.4684031009674072,0.011710751801729202,0.3168526887893677,-0.17489872872829437,-0.7684303522109985,-0.025738365948200226,-1.108654499053955,-1.0930546522140503,-1.285916805267334,-0.3612877428531647
amazon-instruments.csv,-0.08448141813278198,-0.8316073417663574,-0.06198940426111221,-0.53523188829422,0.7506747245788574,-0.6370866298675537,0.4170977771282196,-0.6674357652664185,0.13509638607501984,-0.6377108693122864,1.1318455934524536,-1.9023523330688477,0.586683988571167,1.3050813674926758,0.009761806577444077,-0.08725956082344055,0.7614963054656982,1.77163565158844,0.1589709222316742,0.33887290954589844,0.004305037669837475,-0.8546971678733826,-1.3984792232513428,-0.3949316740036011,-0.03736075013875961,1.6173073053359985,0.694657564163208,1.5302133560180664,-0.2757818400859833,0.660757303237915,-1.6405869722366333,0.22029966115951538,1.2522377967834473,-0.8500471711158752,2.3007514476776123,-1.0725369453430176,0.6292648315429688,0.1433635801076889,-1.1267585754394531,0.6249726414680481,-0.2502838373184204,0.39501580595970154,-0.3083091378211975,0.28866273164749146,0.3969416618347168,-0.8847196102142334,0.058555446565151215,0.11888286471366882,-2.186365842819214,-1.4112074375152588,-0.26928552985191345,0.48140981793403625,1.863900899887085,0.11875726282596588,0.7014276385307312,-2.152773141860962,-0.8350573778152466,-1.0929813385009766,0.6176134943962097,-1.2577259540557861,0.7710828185081482,-0.5873699188232422,0.7982606291770935,0.28748443722724915,2.277585983276367,-0.025807322934269905,-0.9613119959831238,0.17625273764133453,-0.9378403425216675,-1.8807216882705688,-0.8419352769851685,-0.5326309204101562,-0.7543480396270752,-0.4733416438102722,-0.740465521812439,-2.029095411300659,1.3618452548980713,-1.4835180044174194,-0.567943811416626,-0.7934849262237549,0.6821641325950623,1.9633705615997314,-0.44716405868530273,-0.9104794859886169,0.37495389580726624,1.5922294855117798,2.1189348697662354,-0.1490209698677063,-0.2648200988769531,0.9421947598457336,1.347164511680603,-1.2787566184997559,0.3519335091114044,0.4556882679462433,-1.6916879415512085,1.4199155569076538,0.5718488097190857,-0.5213003754615784,-0.3625129461288452,-0.9665848016738892,0.20278297364711761,-0.16358385980129242,0.3100869059562683,0.22650973498821259,-1.5175195932388306,1.1475419998168945,0.01770009659230709,0.9361696839332581,-0.7345219850540161,-0.7441708445549011,0.5695440173149109,-2.06343674659729,1.8862122297286987,-0.3252481520175934,-0.701360821723938,-0.7110382318496704,-1.0580639839172363,0.4147874712944031,0.2920750081539154,-0.7305732369422913,-0.002028432209044695,-0.2112235426902771,-1.1507508754730225,0.5428993701934814,-0.36346468329429626,0.18536750972270966,1.8344777822494507,0.08278941363096237,-1.1154590845108032,0.5847433805465698,-1.1998392343521118,-0.7967976331710815,-0.8294306397438049,0.2886473834514618,-0.9937661290168762,0.7122588753700256,0.7602077126502991,0.23764364421367645,-0.9602032899856567,0.3389497697353363,0.8721106648445129,0.27252259850502014,-1.3837977647781372,-1.119874119758606,1.2776669263839722,-1.9235460758209229,0.29785865545272827,-2.5767905712127686,-0.3619975447654724,-0.0109998295083642,-0.3828139305114746,-1.0467594861984253,1.0700150728225708,-0.2367027848958969,-0.415909081697464,1.4722566604614258,-0.03085757978260517,-0.7264232039451599,0.00745863001793623,-1.7365849018096924,0.1749565750360489,1.3047635555267334,-0.4509856402873993,1.949053168296814,0.9131560921669006,-0.3851943612098694,0.4109937250614166,1.3976835012435913,1.219120740890503,1.0756165981292725,0.11483877897262573,-1.105202078819275,-1.2669419050216675,1.683652639389038,-0.19138775765895844,-1.8287111520767212,-2.137072801589966,1.5833169221878052,0.6083998680114746,0.4787631332874298,0.14331009984016418,-0.117095448076725,0.9035061001777649,0.1900191307067871,-0.25756633281707764,-0.9643789529800415,1.1534333229064941,-0.11383256316184998,0.733796238899231,1.2081010341644287,-0.4655084013938904,0.6086643934249878,0.9042261242866516,-0.31761759519577026,0.6297411918640137,0.08565214276313782,-2.0960137844085693,-1.041369915008545,0.17477895319461823,-0.5485219955444336
amazon-automotive.csv,-1.737783432006836,-1.876030445098877,-0.02323104999959469,0.2186608910560608,0.20571686327457428,-1.1975470781326294,0.8435018658638,0.28917884826660156,0.48055943846702576,-0.13848020136356354,-0.2615946829319,-1.907754898071289,1.130010962486267,-0.8297508358955383,0.3388088643550873,0.6204930543899536,0.9727362394332886,0.9649820327758789,0.7353367209434509,0.6466005444526672,0.1246427372097969,0.2769302427768707,-2.0037553310394287,-0.6659282445907593,0.33347055315971375,0.9241703748703003,1.6582111120224,0.2631196081638336,0.18256515264511108,0.3449815809726715,-0.4346410930156708,-0.18945248425006866,0.9937196969985962,-1.3576656579971313,2.3995790481567383,0.25550875067710876,0.11067673563957214,0.03847529739141464,0.1629207283258438,0.03622879087924957,-0.516187310218811,0.29401591420173645,-0.9166589975357056,-0.16704128682613373,1.203473687171936,0.25437647104263306,-0.632786750793457,0.18692395091056824,-1.4735326766967773,-0.23132266104221344,0.09878764301538467,-0.4678690433502197,0.6540159583091736,-0.8774494528770447,0.3561709523200989,-1.4382450580596924,-0.22845803201198578,-0.25214993953704834,0.39016062021255493,-0.43616220355033875,0.5464856028556824,-0.0041200402192771435,0.7729402184486389,-0.2137698531150818,0.6447706818580627,-1.131748080253601,-1.7961887121200562,-0.0379190519452095,-0.3634743094444275,-0.16584135591983795,-1.2831358909606934,-0.471124529838562,0.417917400598526,-1.1845407485961914,-0.46385473012924194,-0.34445104002952576,0.9132803678512573,-3.5762126445770264,-0.43300583958625793,-0.3362118899822235,0.18677155673503876,2.6438069343566895,-0.21818198263645172,-0.4889635741710663,-0.5963863134384155,0.33904555439949036,1.8510276079177856,-0.3212110102176666,0.17453812062740326,-0.2984172999858856,1.3391549587249756,-0.3436978757381439,1.7599297761917114,-0.009381619282066822,-0.6226174235343933,0.6885697841644287,0.6494472026824951,0.641869306564331,-0.5112043619155884,-0.2302037626504898,1.4507567882537842,-0.7628832459449768,1.3596502542495728,-0.08124673366546631,-0.4582090973854065,0.36697155237197876,0.030240846797823906,1.1533637046813965,-0.12093161791563034,-0.43578800559043884,0.3438485860824585,-0.9708496332168579,2.031816005706787,0.5165168046951294,-0.7829185128211975,-0.5568923950195312,-0.9870720505714417,0.28708451986312866,0.22331602871418,-1.9975544214248657,0.9935948848724365,-1.089353084564209,-1.7314780950546265,2.569855213165283,0.4707156717777252,-0.004193595610558987,0.10481210052967072,1.127881407737732,-1.3598556518554688,-0.07647792994976044,-0.8906100988388062,-0.4679744839668274,-0.9823075532913208,0.3530968725681305,-1.3958852291107178,-0.1576201468706131,0.5351579189300537,-0.6029406189918518,0.5194389224052429,0.5303738713264465,1.1421852111816406,0.5674666166305542,-0.931665301322937,-1.0254786014556885,0.45281729102134705,-1.997270941734314,0.8386358022689819,-2.4324774742126465,0.13874638080596924,-0.37500226497650146,-0.7997704148292542,-1.2771414518356323,1.68886399269104,-0.6863629817962646,-1.7208776473999023,0.8728165626525879,1.872941493988037,0.022840239107608795,-1.2630085945129395,-1.0478569269180298,-0.9641917943954468,2.122990131378174,-0.20132699608802795,1.8222116231918335,0.7546342015266418,-0.8572309613227844,0.40793296694755554,1.1619937419891357,1.2803376913070679,1.3952406644821167,-0.8549802303314209,-1.0138386487960815,-1.4536536931991577,0.3158905506134033,-0.3356604278087616,-2.260000228881836,-2.1886279582977295,0.36687326431274414,0.6324583888053894,0.1790652871131897,0.404545396566391,-0.1801251769065857,1.1572916507720947,0.11514125764369965,-0.5926502346992493,0.5091758966445923,0.2917337715625763,0.9415190815925598,1.5242384672164917,-0.29148101806640625,-0.8750913739204407,0.3190574645996094,0.7195420861244202,-0.08274906873703003,0.004615617450326681,-0.12667877972126007,-1.4449081420898438,-1.6881828308105469,-0.22282634675502777,-1.6680711507797241
movietweetings_latest.csv,-0.11735546588897705,-1.2798534631729126,0.15543630719184875,-0.5228314995765686,1.940635323524475,-0.06797529011964798,0.16887450218200684,-0.5486347675323486,-0.26388296484947205,-1.5914496183395386,0.27474045753479004,-0.23961348831653595,0.6584463119506836,-0.26130932569503784,0.5762284994125366,-1.166753888130188,2.6051645278930664,2.7739484310150146,0.44480955600738525,1.5742830038070679,-1.1508489847183228,-0.6588610410690308,1.2152470350265503,-1.1809349060058594,-1.724123477935791,0.8104936480522156,1.7787902355194092,0.44926491379737854,-0.5787273049354553,0.1271623820066452,-1.018023133277893,-1.560804843902588,0.4355160892009735,0.16113516688346863,1.5289872884750366,0.30185920000076294,0.4282170534133911,1.9873188734054565,1.6769134998321533,-1.0150227546691895,-0.9506027698516846,0.7012205123901367,-0.2802470922470093,0.7905433177947998,-0.8583607077598572,-2.339571714401245,0.6453014016151428,0.8652530312538147,-1.698165774345398,-0.9917287826538086,0.30548033118247986,-0.15983407199382782,1.0035456418991089,0.8584551215171814,-1.532823085784912,-0.7001604437828064,-0.8223437666893005,0.5998807549476624,-0.8977077603340149,-0.5496771335601807,0.47564244270324707,0.6082412004470825,1.5099577903747559,0.8712631464004517,-0.41873082518577576,-0.7914239168167114,-1.3865307569503784,0.45294925570487976,0.9962354302406311,0.12285718321800232,0.45143458247184753,0.8700800538063049,0.6797730326652527,-2.016508102416992,-0.1362604945898056,-2.1732959747314453,-0.036631178110837936,-2.0456387996673584,-1.3999706506729126,0.122805155813694,-0.9397649168968201,0.660586416721344,0.9622474312782288,0.8560532927513123,-0.203339084982872,0.3623429536819458,1.0690345764160156,0.3660939335823059,-0.179088294506073,-0.4487823247909546,-0.035589538514614105,0.5349383354187012,-0.19197942316532135,-2.3858754634857178,0.45962202548980713,0.45846179127693176,1.8661128282546997,-0.5862737894058228,0.3501119613647461,-0.1682060956954956,-0.9422931671142578,-0.2894267439842224,-0.04268208146095276,0.12087643146514893,0.3850401043891907,-1.214249610900879,1.3119417428970337,0.048549432307481766,-0.5757256746292114,-0.2987123131752014,1.7466388940811157,-0.7477480173110962,1.6722474098205566,-0.0037960833869874477,0.8211265206336975,-0.9367203712463379,0.06721655279397964,1.1079970598220825,1.080207109451294,-0.2102261185646057,0.03617067262530327,-0.41063398122787476,-1.1625487804412842,2.24824857711792,-0.0608416385948658,0.07549658417701721,-0.14655588567256927,0.4392433762550354,-0.2559978663921356,-0.30328360199928284,-1.1544065475463867,0.46563997864723206,-0.5953109264373779,0.26480862498283386,-0.1789475679397583,-0.8747971057891846,-0.40112361311912537,-1.315991759300232,1.1364638805389404,0.5352203249931335,-0.6472323536872864,-2.308593511581421,-1.9668490886688232,0.9708881378173828,0.8097161054611206,-0.4617205560207367,-0.10996148735284805,-1.881435751914978,-1.6414203643798828,-0.3091636002063751,0.43548548221588135,1.1534221172332764,0.5852356553077698,-0.20886264741420746,-1.7909356355667114,-0.36313483119010925,0.8866499066352844,-0.36233267188072205,-0.20576004683971405,-0.9898237586021423,0.22096776962280273,2.1197516918182373,-0.7944234609603882,-0.9044616222381592,0.6824670433998108,-0.9239119291305542,-0.5526794195175171,0.7114535570144653,0.690410852432251,-0.07987312227487564,0.530620276927948,-1.484839916229248,-0.39042210578918457,1.3682187795639038,0.07258656620979309,-0.32816505432128906,-1.1593942642211914,2.2534072399139404,1.0196149349212646,0.5949068665504456,0.4834326505661011,0.38472989201545715,0.5796769857406616,1.654965877532959,0.3361045718193054,-0.06708908826112747,0.1310902237892151,1.0818579196929932,1.6937350034713745,0.0009304216946475208,0.04813804849982262,1.3250662088394165,0.795315682888031,-1.0472174882888794,-0.24389155209064484,-0.48719149827957153,-0.7592979669570923,0.15584710240364075,0.41716480255126953,0.14003992080688477
amazon-games.csv,-0.1660587340593338,-1.420089602470398,1.006657600402832,-0.8352834582328796,0.34343042969703674,-0.13786321878433228,1.1748442649841309,-0.5645803213119507,-1.1607476472854614,-0.4407382607460022,1.1642584800720215,-1.5756653547286987,-1.3085269927978516,-0.485567182302475,-0.2849094867706299,0.46183517575263977,0.5994852781295776,1.0345910787582397,0.11492371559143066,-0.1736934930086136,-0.17045210301876068,0.7797402143478394,-0.9540121555328369,-0.37937790155410767,0.6454151272773743,1.0725535154342651,2.1008875370025635,0.74554443359375,0.02127571776509285,1.2473695278167725,-1.5413089990615845,0.8874468207359314,0.8095714449882507,-0.5767446756362915,1.9257216453552246,-0.665452778339386,0.7572841644287109,-0.14731736481189728,0.7354074716567993,0.4191724359989166,-0.22998103499412537,0.31471726298332214,-0.29889851808547974,0.7268547415733337,-0.23987460136413574,-0.4766092598438263,0.7974429726600647,0.0006905125337652862,0.4520370066165924,-0.894118070602417,0.3920149505138397,-0.7085464596748352,1.8126814365386963,-0.9191836714744568,0.3250606954097748,-0.9877827167510986,-1.2356603145599365,-1.8012529611587524,-0.7598196864128113,0.5719777345657349,0.019840650260448456,-0.6163449883460999,0.6257644891738892,0.8735256791114807,0.8750542402267456,0.03249442204833031,-0.36654773354530334,1.8026230335235596,0.07290685921907425,0.4951151907444,-0.4124390780925751,1.0391589403152466,-0.575785756111145,-2.1588916778564453,-1.797068476676941,-0.7160443067550659,0.0020853516180068254,-1.3317307233810425,-0.28425148129463196,0.38123512268066406,-0.7579181790351868,2.2224068641662598,-0.8302373886108398,-0.8050221800804138,0.07382724434137344,0.5393610000610352,1.662238597869873,0.9090515375137329,-0.635922908782959,0.6237368583679199,1.389905571937561,-0.07796425372362137,0.7166582942008972,1.6361192464828491,-2.1679553985595703,0.7269089221954346,2.026928424835205,-1.0631740093231201,1.3429780006408691,-1.368359088897705,0.04591371491551399,-2.340891122817993,0.9481561183929443,0.19270558655261993,-0.42198488116264343,-1.3761284351348877,1.1992809772491455,1.068516731262207,-0.11715415865182877,0.6081838011741638,0.07927338778972626,-2.8659861087799072,0.9114667773246765,0.40412190556526184,-0.3319256007671356,-0.5354062914848328,-0.8037958741188049,0.07353542745113373,-0.6178078055381775,-0.15640705823898315,-0.06002706289291382,-0.7004814743995667,-2.066368579864502,3.0204341411590576,0.5240965485572815,0.3537064492702484,1.2880359888076782,0.10534035414457321,-0.8212514519691467,0.06322310864925385,-0.29350075125694275,0.1182238981127739,-0.851814866065979,0.1237897276878357,-0.4108452796936035,-0.47293946146965027,0.5606815218925476,-0.14790618419647217,-0.034697797149419785,0.055503372102975845,1.0577855110168457,-0.877877950668335,-0.6132199764251709,-0.4398253560066223,1.6449624300003052,-1.2598241567611694,0.640841007232666,-2.122795820236206,-0.2475896030664444,0.3948306143283844,-0.27630311250686646,-2.108366012573242,0.19556759297847748,0.679186224937439,-0.5311160087585449,-0.40658971667289734,0.828262984752655,0.03719095513224602,0.4225197434425354,-2.354581832885742,-0.2798616588115692,1.003844976425171,-0.41167518496513367,2.1549670696258545,0.6941370964050293,0.15667347609996796,0.13398699462413788,0.41629475355148315,1.8667978048324585,0.3260568380355835,1.0013937950134277,-0.5727556347846985,-1.2297377586364746,1.6452428102493286,-0.30413100123405457,0.08581089228391647,-1.901391863822937,1.9723718166351318,0.8224862813949585,0.6767911911010742,-1.1202619075775146,-0.8297246694564819,-0.2437557727098465,1.9389854669570923,0.5808921456336975,-0.5714709162712097,0.8390768766403198,0.6215401887893677,2.0275115966796875,-0.2512831687927246,-0.3043031394481659,-0.005508169997483492,0.18232841789722443,-0.7200927734375,0.0258118137717247,-0.5725564956665039,-1.2027733325958252,-0.14587058126926422,-0.08510260283946991,-0.49221327900886536
amazon-apps.csv,-1.6358155012130737,-1.23985755443573,0.3719131350517273,0.2008320689201355,-0.8847973346710205,0.057445723563432693,-0.09126508235931396,-0.9537947177886963,-0.24927563965320587,0.21183925867080688,1.3967331647872925,-1.112072229385376,0.14409156143665314,0.07674973458051682,-1.0259395837783813,1.1173033714294434,0.501000165939331,1.559492826461792,1.0228855609893799,1.0412662029266357,-0.008184920996427536,0.9129191040992737,-1.3800324201583862,-0.34145987033843994,0.23834681510925293,0.12419341504573822,0.013989269733428955,0.6770315170288086,-0.33065253496170044,0.13012534379959106,-1.1836986541748047,-0.443809449672699,0.6083500385284424,-0.7176001071929932,2.489434003829956,0.8677428364753723,-0.5640992522239685,1.309044599533081,-0.5110499858856201,-1.405032992362976,-0.040049660950899124,0.5399997234344482,-1.4597156047821045,0.7418161034584045,0.8459864258766174,0.8055145144462585,-0.3769274950027466,-0.026708394289016724,-1.0438071489334106,-1.96036958694458,-0.12719088792800903,-1.362958312034607,1.2824088335037231,0.6667238473892212,-0.8269537091255188,-2.3290486335754395,-0.419187992811203,-0.5414246916770935,-0.2448096126317978,-0.17687161266803741,-0.8812063336372375,0.5191904306411743,0.04733773320913315,1.0430824756622314,0.8343753814697266,-0.37677690386772156,0.13535691797733307,0.472286194562912,-0.506240725517273,0.2353263795375824,-0.9961737990379333,0.6736522316932678,-0.8123420476913452,-1.5566288232803345,0.6475169658660889,0.14354252815246582,0.4027540683746338,-3.2291340827941895,0.23174631595611572,-0.6067767143249512,-1.6141235828399658,2.3034746646881104,0.12969326972961426,-1.350882887840271,-0.3177708387374878,1.3581324815750122,2.278770923614502,-0.375405877828598,0.3753000497817993,-0.9401618242263794,2.0713319778442383,-0.26416197419166565,0.8290782570838928,0.15524496138095856,-0.24889104068279266,1.0548712015151978,1.3604040145874023,-0.2714696228504181,0.4573754072189331,-0.9948594570159912,-0.7716480493545532,-2.167807102203369,0.12422169744968414,0.3391399085521698,-0.5890054702758789,-0.8219441771507263,0.47136449813842773,1.3672736883163452,0.17237628996372223,0.014837062917649746,-0.49245572090148926,-1.2510632276535034,0.8951225876808167,-0.3315522074699402,0.43228042125701904,-0.6300587058067322,0.3998369574546814,1.4185612201690674,0.7001577615737915,-0.4708396792411804,0.22948645055294037,-1.272900938987732,-1.7000014781951904,1.6763923168182373,-0.2107582986354828,0.3797007203102112,0.8310865759849548,0.5243124961853027,-1.337303876876831,-0.72524493932724,-0.9399096369743347,-0.8039290308952332,-0.04765545576810837,0.5329432487487793,-0.7454404234886169,-0.24599502980709076,0.17591844499111176,-0.8681946992874146,-0.6197425127029419,-0.25797009468078613,0.3754690885543823,0.5800396800041199,-0.475065141916275,-1.516736388206482,1.514338731765747,-1.7320961952209473,-0.12939538061618805,-2.9436428546905518,-0.9119581580162048,-1.0431026220321655,0.5931800007820129,-1.5548229217529297,-0.09843841195106506,-0.9586743116378784,-0.44914570450782776,0.5226213335990906,1.0781201124191284,0.06931300461292267,-0.9080974459648132,-0.8763092160224915,0.02582886442542076,1.775641918182373,-0.052301425486803055,1.9164974689483643,0.15947966277599335,-0.36011266708374023,-0.46154800057411194,0.7139987945556641,1.7257378101348877,0.017549952492117882,-0.3113296926021576,-1.4212180376052856,-0.64070725440979,1.4809224605560303,-0.6454949975013733,-1.3703643083572388,-1.8783600330352783,-0.8118702173233032,1.9178835153579712,-0.8106834292411804,-0.4487297236919403,-0.029352640733122826,1.1040146350860596,0.7056058645248413,-0.5154784321784973,0.09138716012239456,-0.39575105905532837,1.1746578216552734,1.8852503299713135,0.3315292298793793,-0.12038100510835648,0.1544158011674881,0.9434176087379456,0.4422788619995117,-1.4012657403945923,0.483272910118103,-1.076826572418213,-1.9717094898223877,-0.8276622295379639,-1.2283686399459839
