amazon-health.csv,0.7466683387756348,-0.08973728120326996,0.9463652968406677,-1.0097675323486328,-0.7181395888328552,-0.15773864090442657,-1.3116528987884521,0.8875506520271301,1.4069339036941528,-0.7268256545066833,-1.1854150295257568,1.9212137460708618,-0.2885463237762451,-0.31056466698646545,-0.952913761138916,-0.2187929004430771,0.8275622129440308,0.6638656854629517,1.4630359411239624,-0.9110162258148193,0.8241065740585327,0.44869017601013184,1.4475905895233154,-2.022667646408081,-0.15599055588245392,0.7051939964294434,-0.6733162999153137,-0.1127457395195961,-1.3282397985458374,1.8505687713623047,0.23705486953258514,-0.8343456387519836,0.49527689814567566,-2.4853029251098633,1.121170997619629,-1.173241376876831,-1.4776206016540527,0.543806791305542,1.4010294675827026,0.6360206007957458,-1.5959564447402954,0.4024483561515808,-0.17531011998653412,0.7111772298812866,-0.7735205888748169,0.6703031063079834,0.973281741142273,-0.5734859108924866,0.873949408531189,1.2158541679382324,-0.31026986241340637,0.32026758790016174,-0.7312300205230713,0.6051775813102722,-0.0559065081179142,0.4021074175834656,-1.1236053705215454,-1.4102894067764282,0.2025742381811142,-0.2383074164390564,1.4455574750900269,0.45414796471595764,-0.8674526810646057,0.6144924759864807,-1.985831618309021,-0.8764283657073975,1.4375972747802734,0.5141908526420593,-1.3672908544540405,1.094636082649231,0.20010961592197418,-1.8797178268432617,-0.6082983613014221,0.2578803598880768,-2.2695891857147217,-1.5891679525375366,0.7538101673126221,-1.2422561645507812,-0.19049108028411865,1.0434138774871826,0.4657386839389801,0.9421021342277527,-1.1471620798110962,-1.0645383596420288,0.1912732720375061,-1.5645406246185303,0.11846357583999634,-1.334877371788025,-0.6975729465484619,0.24370181560516357,0.05295402929186821,-0.09959924966096878,0.615476131439209,0.3704620897769928,0.412669837474823,-0.8179726600646973,-0.9827232956886292,-0.3163570165634155,1.0189379453659058,0.9999961853027344
amazon-garden.csv,0.7548530101776123,-0.5315617322921753,1.0422987937927246,-2.108015775680542,-0.5495661497116089,-1.19148588180542,-0.7751479744911194,0.5563187003135681,-0.08773165196180344,-0.3157215118408203,-0.6326147317886353,1.0377715826034546,-0.18658308684825897,0.17777857184410095,-1.3254616260528564,-0.44460779428482056,0.7604785561561584,0.8526313304901123,1.4287281036376953,-1.065521478652954,0.49039751291275024,-0.15478156507015228,1.6159117221832275,-1.8056056499481201,-0.18823570013046265,-0.459881067276001,-0.08638464659452438,0.17090092599391937,-1.393399953842163,1.1207427978515625,0.9778578281402588,-0.5295409560203552,1.0356855392456055,-1.496647596359253,2.2538421154022217,-0.7723836302757263,-1.341924786567688,0.6608169078826904,0.291083425283432,0.3295392096042633,-2.898118495941162,-0.6716062426567078,-0.2721525728702545,0.016515936702489853,-0.9905705451965332,0.691972017288208,1.2323956489562988,-0.13016119599342346,1.260469675064087,0.4831560254096985,-1.3454655408859253,0.45221081376075745,-1.6290781497955322,0.10559389740228653,-0.6645070910453796,0.6573885083198547,-0.7652387022972107,-1.1868317127227783,-0.8869757056236267,-0.09786400943994522,1.6861435174942017,0.4352830648422241,-2.149308919906616,1.3370361328125,-1.8045297861099243,-0.8627122640609741,1.9172037839889526,-0.05382020026445389,-0.8477402329444885,1.3026047945022583,-0.3180348873138428,-0.8360273241996765,-0.8684375286102295,-0.32594528794288635,-1.4045897722244263,-1.5519554615020752,0.4232027530670166,-1.5166099071502686,0.5886178016662598,-0.21356961131095886,-0.09761593490839005,0.1022334098815918,-0.5127577781677246,-1.8439558744430542,-0.020535580813884735,-1.5723544359207153,0.24065212905406952,-0.6827976703643799,-0.02723097801208496,0.3339728116989136,-0.6644181609153748,0.048026759177446365,0.3557032346725464,-0.7545104622840881,0.37596747279167175,-0.7837732434272766,-0.6663488149642944,-0.17136751115322113,0.3165242373943329,0.9108211398124695
amazon-kindle.csv,1.3269922733306885,-0.5983914136886597,1.3993815183639526,-1.1817500591278076,0.39231184124946594,-0.21456952393054962,-1.2655268907546997,0.465774267911911,1.532164216041565,-0.5223035216331482,-0.06638828665018082,1.0190129280090332,-0.33004212379455566,-0.120234914124012,-1.2539016008377075,-0.05072765424847603,1.0057414770126343,0.6398246884346008,1.1268752813339233,-0.021654488518834114,0.44104140996932983,1.303995132446289,2.0106351375579834,-1.6454663276672363,0.2746641933917999,0.07538940012454987,-0.7023735046386719,-0.14716048538684845,-1.7577934265136719,0.2600836157798767,-0.24363075196743011,-0.5805532932281494,1.0476044416427612,-2.2079806327819824,0.29884493350982666,-1.7173303365707397,-1.2937734127044678,-0.05444420874118805,0.6497071981430054,1.2203844785690308,-2.2160537242889404,-0.947117269039154,0.2577182650566101,-0.1345502883195877,0.014049257151782513,-1.3248449563980103,1.1964478492736816,-0.1316533237695694,0.9900509715080261,0.1699594259262085,-0.3922109007835388,0.8449746370315552,-1.210702657699585,1.3168169260025024,-0.31723713874816895,0.4322192072868347,-0.43591630458831787,-1.206791877746582,0.15600639581680298,0.438383549451828,0.9016867280006409,0.6445327401161194,-0.5652681589126587,1.2044490575790405,-1.8332099914550781,-1.3873555660247803,1.637972116470337,0.07946702837944031,-1.1859095096588135,0.5172266364097595,-0.031836073845624924,-0.5689623951911926,0.5094579458236694,1.4750709533691406,-1.705159068107605,-0.16930976510047913,0.30925989151000977,-1.3939722776412964,-0.2013823240995407,0.39223504066467285,0.24861907958984375,0.6384714245796204,-1.1034796237945557,-1.6599609851837158,-0.5390434265136719,-2.235727310180664,0.5823553204536438,-0.8715530633926392,-1.532850742340088,0.943884015083313,0.8968321681022644,0.7395214438438416,-0.15594492852687836,0.6238498687744141,0.3734973073005676,-1.6379677057266235,-1.0172368288040161,0.6649507284164429,1.0886082649230957,0.9165168404579163
amazon-pet-supplies.csv,-0.017418423667550087,-0.8365323543548584,1.1615312099456787,-1.5152637958526611,-1.7136822938919067,-0.7657268643379211,-1.5374168157577515,0.3199853003025055,1.7461209297180176,-1.3919836282730103,-0.7510910034179688,0.4032413363456726,-0.7931626439094543,-0.2446984350681305,-1.381534457206726,0.024471340700984,-0.1111956387758255,-0.705847978591919,0.6503511071205139,-0.5075725317001343,0.5938411951065063,0.4229946732521057,1.2025959491729736,-1.2125117778778076,0.5862369537353516,0.15586112439632416,-0.1259394735097885,0.1880965530872345,-2.2143030166625977,0.8757516145706177,0.5287784934043884,0.11371486634016037,0.11083927750587463,-1.8722503185272217,0.7587962746620178,-1.0313160419464111,-0.36313146352767944,0.5973891019821167,0.009518156759440899,0.9185091257095337,-1.8729727268218994,-0.7035560011863708,-0.5537911057472229,-0.7298590540885925,-0.42259907722473145,0.2842816710472107,1.198620080947876,-0.18304099142551422,1.9440337419509888,0.4821801781654358,-0.70424884557724,-0.2682413160800934,-1.3945642709732056,1.0411243438720703,-1.3107755184173584,1.296540379524231,0.06919814646244049,-1.9062206745147705,-0.06486248224973679,-0.045844756066799164,0.961799144744873,1.4389498233795166,-0.5663282871246338,1.7192655801773071,-2.590305805206299,-0.9674172401428223,2.059875965118408,1.4119901657104492,-0.8195542693138123,0.0859132707118988,-0.5012828707695007,-0.9961209297180176,0.6897501945495605,-0.767569899559021,-0.8461182713508606,-0.9499629735946655,1.32570481300354,-1.5793969631195068,0.5944649577140808,0.5580881834030151,0.4994107484817505,0.9079565405845642,-1.385685920715332,-1.2125444412231445,0.41019538044929504,0.12147743254899979,0.28752419352531433,0.054406095296144485,-0.47773122787475586,0.3457610309123993,1.0341520309448242,1.0267646312713623,-0.26246216893196106,0.11204829812049866,1.147214651107788,-1.5326340198516846,-0.2909258306026459,-0.5010731220245361,0.944713830947876,0.8734663724899292
yelp.csv,0.3014466464519501,-0.5274805426597595,0.1479334831237793,-1.4194951057434082,1.2893623113632202,0.6972887516021729,-2.189335823059082,0.6102002263069153,0.5680837035179138,-2.173928737640381,-1.3325977325439453,0.15915371477603912,-1.148909091949463,0.09015117585659027,-1.6965659856796265,0.7070331573486328,0.8878763914108276,-0.5330673456192017,0.25811564922332764,-0.29741597175598145,1.0794705152511597,0.4806455671787262,0.6775415539741516,-1.738999605178833,-0.8226478695869446,0.4363241493701935,0.030341336503624916,-0.08177439123392105,-0.4683205485343933,-0.5904490947723389,0.055075228214263916,-1.322635293006897,-0.8119906783103943,-2.338092565536499,1.261934518814087,-0.842099666595459,-1.708397388458252,0.9543581604957581,0.8155640363693237,0.6608979105949402,-2.2513091564178467,-0.09490977227687836,0.11961503326892853,-0.827411949634552,-0.8577427864074707,0.3882937431335449,1.5666322708129883,-0.5186995267868042,0.9205660820007324,-0.19825699925422668,0.14307519793510437,0.8086522817611694,0.24224768579006195,0.3488103151321411,-1.563199520111084,0.5478866696357727,0.12150878459215164,-0.7944055199623108,-0.007337148301303387,-0.3788946270942688,1.0453627109527588,0.8808817267417908,-0.17515820264816284,0.9627319574356079,-1.5161160230636597,-1.5697965621948242,1.7553174495697021,1.4745454788208008,-0.978111743927002,0.2659974694252014,0.9797540903091431,-0.7134909629821777,-0.9832157492637634,-0.23365576565265656,-1.9525996446609497,-1.219822645187378,0.1841811090707779,-0.5336592793464661,0.4655117392539978,1.3575280904769897,0.5916585326194763,1.8169560432434082,-0.9209127426147461,-1.1218516826629639,-0.178308367729187,-1.6797441244125366,0.08541133999824524,0.2722010910511017,0.11071593314409256,0.9486287832260132,0.6143653392791748,0.6202690005302429,-0.1269044578075409,-0.031783703714609146,-1.213220477104187,-0.9788928031921387,-1.3210728168487549,-0.3756016492843628,1.205592393875122,1.0983384847640991
amazon-clothes.csv,0.7531012296676636,-0.33498045802116394,1.04709792137146,-1.270733118057251,-1.780307650566101,-0.7695649862289429,-1.353023648262024,0.204050675034523,0.5370669364929199,-1.3821252584457397,-0.9434798955917358,1.0098570585250854,-0.3988775312900543,-0.2872280180454254,-0.7687320709228516,-0.31231072545051575,0.7118491530418396,0.6560626029968262,0.8514201045036316,-0.6558517813682556,0.5228564143180847,0.43115949630737305,1.773651361465454,-1.1856030225753784,-0.5003150105476379,0.14248619973659515,-0.4276731610298157,-0.3239463269710541,-1.4337128400802612,0.6722903847694397,0.18210943043231964,-0.2437264770269394,-0.14354951679706573,-1.7885229587554932,1.2448474168777466,-1.8862074613571167,-1.5914443731307983,0.6109312772750854,0.6464456915855408,1.0303632020950317,-1.9480750560760498,-0.7486279010772705,0.9986250400543213,-0.03851919621229172,-0.693026065826416,0.6090825200080872,0.4542572498321533,-0.5630998015403748,0.6856462359428406,0.6084433197975159,-0.38523069024086,0.7932503819465637,-1.6809349060058594,0.36101219058036804,-0.6467556953430176,0.8872572779655457,-0.7557488083839417,-0.8907942771911621,0.3316144049167633,-0.3875105679035187,1.379914402961731,0.7798491716384888,-1.0457221269607544,0.8380167484283447,-2.1393377780914307,-0.6656175255775452,1.9330655336380005,1.098883867263794,-1.3661457300186157,0.1936766356229782,-0.28724023699760437,-1.4484882354736328,0.22250501811504364,0.5886426568031311,-2.2506470680236816,-1.5652965307235718,0.6128307580947876,-1.7836936712265015,-0.34833192825317383,1.035591959953308,0.054519373923540115,0.6406280994415283,-1.820410132408142,-0.8545077443122864,-0.11455277353525162,-1.819252371788025,0.38927561044692993,-0.9187191128730774,-0.9873860478401184,0.2843616306781769,0.30596622824668884,-0.2234862744808197,0.30025386810302734,-0.24577215313911438,0.7607590556144714,-2.1351523399353027,-0.5869776606559753,-0.15232299268245697,1.1399658918380737,0.9380489587783813
movielens20m.csv,-0.7586261034011841,1.3687702417373657,-0.43277761340141296,-1.786650538444519,0.09410469979047775,0.49537423253059387,-0.7100610136985779,0.022221872583031654,1.5001657009124756,-1.066741943359375,1.3689193725585938,0.6179859638214111,-0.72309410572052,-0.02907164953649044,-0.9639171957969666,-1.331947922706604,0.894302248954773,-0.7262290716171265,0.7140284180641174,-0.675249457359314,0.9616763591766357,-0.04015272855758667,1.769954800605774,-1.2841731309890747,-1.2658851146697998,-0.2551402449607849,0.3142453134059906,0.2330135554075241,-1.5691415071487427,-0.4891732633113861,-1.53632390499115,0.2792542278766632,0.2054731696844101,-3.1337692737579346,0.01517212949693203,-0.22740083932876587,-1.6130619049072266,-0.4820283353328705,-0.6201179623603821,0.9851260185241699,-2.251494884490967,-0.8559805154800415,0.08779036998748779,0.9639196991920471,0.32499533891677856,0.09267374128103256,1.2397034168243408,-0.5278587341308594,0.9221243262290955,0.17992742359638214,-1.0876996517181396,0.6370145678520203,-0.7468082308769226,0.6605294346809387,-0.44647473096847534,0.07108715176582336,-0.09668096154928207,-0.752798855304718,-0.7096128463745117,1.0286134481430054,2.049025058746338,0.28450262546539307,0.15158264338970184,0.49165141582489014,-1.9659236669540405,-0.6181624531745911,0.2559845447540283,2.1147356033325195,-0.7940581440925598,0.08223380148410797,-0.49079635739326477,-2.2546916007995605,-0.6180152297019958,-0.6545047760009766,-2.4279184341430664,-1.1066864728927612,-0.09701279550790787,-1.2431151866912842,0.04211745411157608,1.0079739093780518,-0.1839461624622345,0.27460619807243347,-0.3391970694065094,-1.795003056526184,0.113129623234272,-0.3869447410106659,1.011732578277588,-0.8480381369590759,-0.901797354221344,-0.2782426178455353,0.8820568323135376,0.21663881838321686,0.2780885100364685,-0.8297985196113586,-0.11931534856557846,-0.07232552766799927,-0.7741524577140808,-1.1676234006881714,-1.0006980895996094,0.6245023608207703
jester2.csv,-0.479173481464386,-1.3439788818359375,-0.5543426871299744,-0.6505204439163208,-0.7080561518669128,0.4486237168312073,-1.175126552581787,1.2597503662109375,0.8249894976615906,-2.0890181064605713,0.2311202734708786,-0.5319239497184753,-0.05743468552827835,-0.9304279088973999,-0.19642683863639832,-1.7585822343826294,0.41995471715927124,0.5868146419525146,0.7861189246177673,-1.3314048051834106,-0.05608472228050232,0.5691481232643127,1.0258033275604248,-0.4945317804813385,0.3224078118801117,-0.2983975410461426,-0.4412209093570709,0.8513550758361816,0.13842444121837616,0.4340898096561432,0.25146403908729553,0.7429110407829285,0.18173998594284058,-3.131544351577759,1.0694570541381836,-0.5037515759468079,-2.0762391090393066,-0.07107916474342346,-0.05197988077998161,0.9418057799339294,-1.1337506771087646,-0.8137596249580383,0.5227687358856201,-1.247698187828064,-0.8582870960235596,-0.45530879497528076,1.7474099397659302,0.11746431142091751,1.5368317365646362,1.2457118034362793,-1.5244040489196777,0.30551987886428833,-0.9395866990089417,1.1105568408966064,-0.41647592186927795,0.5479956865310669,0.03363336622714996,0.46427881717681885,0.3237375319004059,-0.384395569562912,0.622559666633606,0.3780834376811981,-1.385849952697754,0.16839158535003662,-1.6267220973968506,-0.16813740134239197,2.0072789192199707,1.7045050859451294,-1.1353040933609009,-0.9594972133636475,-0.9185056090354919,-0.522890567779541,-0.4677550196647644,-0.03741363063454628,-2.134706735610962,-1.179524540901184,1.344738245010376,-1.36764657497406,0.049008335918188095,0.3084608316421509,0.12069100141525269,0.8102976083755493,-1.6840095520019531,-0.5170782208442688,1.4597151279449463,-1.3153250217437744,0.7580162882804871,0.12161272764205933,-0.03645070642232895,0.7026358842849731,0.406352162361145,1.2835109233856201,1.0024603605270386,-0.4778566062450409,-0.46070051193237305,0.37770846486091614,-2.006687641143799,-0.33385494351387024,1.4110832214355469,-0.6931730508804321
amazon-automotive.csv,0.40621620416641235,-0.3255814015865326,0.6871175765991211,-0.6497952342033386,-0.43190833926200867,0.2053389698266983,-1.2084540128707886,-0.8133276104927063,0.6583267450332642,-0.7858587503433228,-0.6983122825622559,0.7882266640663147,-0.08521652966737747,-0.3561455309391022,0.007532840128988028,0.10021135956048965,1.8720921277999878,-0.46096551418304443,1.3975791931152344,-1.349351167678833,1.8726845979690552,0.561867356300354,1.6128382682800293,-1.5961661338806152,0.010547813959419727,0.6381316781044006,0.37639668583869934,-0.6280820965766907,-0.6732106804847717,1.4542440176010132,-0.21167437732219696,-0.13102057576179504,-0.2622931897640228,-2.489531993865967,0.44427669048309326,-2.7644691467285156,-1.8405234813690186,0.05260968580842018,0.09446407109498978,1.1834545135498047,-2.758579730987549,-0.20887169241905212,1.1849373579025269,-0.15166409313678741,-1.2057409286499023,1.261557936668396,0.9737343192100525,-0.01943099871277809,1.783660888671875,-0.35946226119995117,-0.8345631957054138,-0.4898912310600281,-1.4333077669143677,0.5589236617088318,-1.445557713508606,0.7416990995407104,0.2825389504432678,-1.4305753707885742,-0.2779981195926666,-0.6018578410148621,1.3431546688079834,0.21867285668849945,-1.1196485757827759,1.1230347156524658,-1.2378201484680176,-0.508087694644928,1.5115253925323486,0.582120954990387,-1.5392178297042847,0.7448052167892456,-0.2903459966182709,-0.9085779190063477,0.12167860567569733,-0.13677917420864105,-1.7616652250289917,-1.059791922569275,0.8347569108009338,-1.6282451152801514,-0.09175654500722885,0.9230197072029114,0.29196956753730774,0.5455034971237183,-1.2361828088760376,-0.6623900532722473,0.8803225755691528,-1.1072096824645996,0.4246346950531006,0.07494183629751205,0.023055028170347214,0.0215730220079422,0.6987642049789429,0.0833641067147255,1.0990530252456665,0.8110529780387878,-0.29161298274993896,-0.6880466938018799,-0.45301857590675354,-0.2280253916978836,1.1733200550079346,0.41225147247314453
amazon-movies.csv,0.009888985194265842,-0.20250482857227325,1.2750329971313477,-1.3796584606170654,-0.3102702796459198,-0.11287219822406769,-1.064561367034912,-0.5390822887420654,1.0002601146697998,-1.5667976140975952,0.52765291929245,0.7878848314285278,-0.5285874605178833,0.6235537528991699,-0.17354092001914978,0.32435500621795654,1.267966389656067,-0.755460262298584,1.7057390213012695,-1.0831345319747925,1.6671805381774902,0.0728052482008934,0.4771033525466919,0.011537647806107998,0.2509848177433014,0.41877302527427673,0.31834566593170166,0.3962952494621277,-0.9891665577888489,0.10842525959014893,1.199591875076294,0.11578100174665451,0.3354862332344055,-1.8862944841384888,0.10181710124015808,-1.0778874158859253,-1.8115332126617432,-0.6262802481651306,1.6530548334121704,1.5213347673416138,-0.8768324255943298,0.5399457216262817,0.37356722354888916,-0.23387792706489563,-0.6597534418106079,-0.13359765708446503,0.5911245346069336,-1.0399636030197144,1.460227370262146,-0.10927664488554001,-0.6318589448928833,-0.3630281984806061,-0.025746522471308708,1.4683423042297363,-0.17434042692184448,0.8203132152557373,-0.5375294089317322,-0.6591924428939819,-0.3256508409976959,0.5264298915863037,2.9719226360321045,1.230555534362793,-1.8910949230194092,0.48859432339668274,-2.6728909015655518,0.3527497351169586,1.53825843334198,0.5214743614196777,-0.9554483294487,0.6890815496444702,0.9528874754905701,-0.3108711242675781,-0.5881307125091553,-0.7497614622116089,-2.561683416366577,-0.6369458436965942,0.09504115581512451,-0.8325456380844116,-0.528389036655426,-0.9691264033317566,-0.19982902705669403,1.3119847774505615,-1.754041314125061,-1.3811826705932617,-0.14868927001953125,-1.1131120920181274,0.9919138550758362,0.008885659277439117,-0.9141402840614319,0.8387803435325623,-0.6682141423225403,-0.2395799160003662,0.3433251976966858,-0.3644624352455139,0.9846601486206055,-1.8528231382369995,-0.20254190266132355,0.40862253308296204,1.1631556749343872,0.8221226334571838
movietweetings_recsys2014.csv,1.4754928350448608,-0.8937461972236633,-0.5692340731620789,-1.4450112581253052,0.33942943811416626,0.6186612248420715,-1.0748168230056763,0.10339601337909698,1.621133804321289,-1.3443107604980469,0.09448149800300598,0.66485995054245,-1.2083227634429932,-1.1111117601394653,0.30157801508903503,-0.09937871247529984,2.61645770072937,-0.822735071182251,0.6312846541404724,-0.4682624340057373,0.11709507554769516,-0.03767646849155426,1.5123982429504395,-0.7901096343994141,-0.5671804547309875,-0.7855541110038757,0.7453134059906006,-1.177846074104309,-1.9012601375579834,-0.2221500128507614,1.676735281944275,-0.2904770076274872,0.27553147077560425,-0.34947124123573303,0.10498358309268951,-0.4276045560836792,-0.1661592572927475,-0.14681826531887054,0.5110100507736206,1.0042868852615356,-1.4482616186141968,-0.5848862528800964,0.6296713352203369,-0.3483468294143677,-0.3787858188152313,-0.8531497120857239,1.628358244895935,0.06568686664104462,1.9129105806350708,0.0257505401968956,-1.009090542793274,0.17885012924671173,-1.3930089473724365,0.9438934922218323,-0.925781786441803,0.436665803194046,-0.6802538633346558,-0.501569926738739,-0.9238677620887756,-1.1145856380462646,-0.45861831307411194,1.284806489944458,-0.9265776872634888,0.013772928155958652,-2.0889172554016113,0.520478367805481,1.1795822381973267,0.8591414093971252,0.4345840513706207,1.1837003231048584,0.018008096143603325,-1.1689187288284302,-0.22693116962909698,0.2903885245323181,-1.7860242128372192,-2.7001147270202637,0.9792518019676208,-1.2738428115844727,0.5881059765815735,0.08074098825454712,2.071199655532837,1.4300086498260498,-1.1835685968399048,-1.3227888345718384,0.44403350353240967,-0.4854002296924591,-0.41969725489616394,-1.5862079858779907,-1.1112425327301025,-0.39014920592308044,0.4585808515548706,1.0505346059799194,1.2265021800994873,0.08488605171442032,-1.102573037147522,-0.27732208371162415,-0.6335716843605042,-0.10663449019193649,0.41254448890686035,0.6881576776504517
amazon-office.csv,0.604701817035675,-0.24054984748363495,0.9940061569213867,-1.5273933410644531,-0.6147235035896301,0.37307918071746826,-1.6749993562698364,0.4921877682209015,0.9151091575622559,-1.2028807401657104,0.5085982084274292,0.7489596009254456,-0.11920136958360672,-0.6904436349868774,-0.9596077799797058,-0.43373358249664307,0.7843316793441772,0.20080985128879547,1.5175784826278687,-0.534815788269043,2.0243399143218994,0.4127712845802307,1.442729115486145,-1.152504801750183,0.3621889054775238,-0.03848106041550636,-0.1468360722064972,0.583565354347229,-1.3634190559387207,1.2077538967132568,-0.29642051458358765,-0.8478114008903503,1.1658854484558105,-2.008739471435547,0.6890444755554199,-2.1776371002197266,-1.0273183584213257,0.3643845319747925,0.8579536080360413,1.1450563669204712,-2.407374858856201,-1.6692136526107788,0.5884687900543213,0.2958429753780365,-1.211875319480896,0.5560142397880554,1.2200672626495361,-0.446841299533844,0.7778036594390869,-0.3330407738685608,-1.1090463399887085,0.2269158810377121,-1.037086844444275,0.5948542356491089,-0.2639935314655304,0.9535477757453918,-0.6362272500991821,-1.7644939422607422,-0.07865176349878311,-0.9934842586517334,0.49359557032585144,0.9291254878044128,-1.287301778793335,-0.12792138755321503,-2.2341368198394775,-0.2554666996002197,1.3517645597457886,0.6011210083961487,-0.42268064618110657,0.2723306119441986,0.11455018818378448,-0.22261299192905426,0.23405589163303375,-0.12622952461242676,-3.184131145477295,-0.9809455275535583,1.0459297895431519,-1.588998556137085,-0.1399242877960205,0.48355546593666077,-0.12739115953445435,1.4176294803619385,-0.15280836820602417,-1.6861213445663452,-0.3002167344093323,-0.6852405071258545,0.49644935131073,0.4511583149433136,-0.7156643867492676,0.2903652787208557,0.6784507036209106,0.10417835414409637,0.2863479256629944,-1.0763190984725952,0.180646613240242,-1.3732637166976929,-0.74224454164505,-0.6255977749824524,0.5103757977485657,0.6951984763145447
amazon-games.csv,-0.11624535918235779,-0.08823584020137787,0.4193039536476135,-0.665353536605835,-0.2769259512424469,-0.4839777648448944,-1.7374515533447266,1.2898752689361572,1.6264166831970215,-1.2605059146881104,-0.1429651528596878,1.577782154083252,-0.5724921822547913,1.0242836475372314,-1.090904712677002,-0.8500197529792786,1.749387264251709,-0.34238871932029724,0.3486301302909851,-0.339913547039032,1.131906270980835,-0.08964447677135468,1.6535248756408691,-1.2529637813568115,-0.0019062486244365573,0.1623845249414444,-0.12707112729549408,0.14174342155456543,0.2863052487373352,0.7208518981933594,0.8475587368011475,-0.9987395405769348,0.11954177170991898,-1.2536529302597046,0.36515286564826965,-1.871530294418335,-0.8347395062446594,0.2519749104976654,2.371241331100464,0.21958009898662567,-2.674705982208252,-0.9238439202308655,0.1986427903175354,0.7620318531990051,-1.0377109050750732,0.34948432445526123,1.3808892965316772,-1.3380870819091797,1.296177864074707,-0.2554291784763336,-0.40240755677223206,-0.20880700647830963,-1.2358243465423584,0.4048982262611389,-0.4668123126029968,0.8224096894264221,-0.7948587536811829,-0.8585049510002136,0.8169207572937012,-0.37797820568084717,0.8332816362380981,0.9742701053619385,-0.3221243619918823,0.9928137063980103,-1.5491516590118408,-0.9732449054718018,2.258728265762329,0.9817663431167603,-1.167677879333496,0.5113756060600281,-0.22192177176475525,-0.8045686483383179,0.1134454607963562,-0.575516402721405,-1.8952382802963257,-0.3329108655452728,0.9461410641670227,-1.6340404748916626,0.2945714294910431,0.9482114315032959,0.36850684881210327,0.19506670534610748,-1.0659703016281128,-1.488869309425354,1.6925504207611084,-1.6152116060256958,0.7484856247901917,-1.0496928691864014,-0.1583946794271469,-1.1377118825912476,1.3600045442581177,-0.08941225707530975,0.4422551095485687,-0.3648820221424103,1.1442936658859253,-0.5193591713905334,-0.10071288794279099,-0.6053211092948914,1.3619500398635864,-0.09128578007221222
amazon-baby.csv,1.369515061378479,-0.4031239151954651,0.7745552062988281,-0.3517606556415558,-0.16029705107212067,-0.09085988998413086,-1.0119800567626953,1.4338353872299194,1.327631950378418,-1.5618565082550049,0.43854132294654846,1.692193627357483,-0.5542919039726257,0.26167061924934387,-0.7726572751998901,0.283812016248703,1.5849840641021729,-0.032180484384298325,1.785269021987915,-0.09422703832387924,1.1384592056274414,0.7266677618026733,1.1743741035461426,-1.8150006532669067,-0.3353215157985687,-1.265982747077942,-0.5058469772338867,1.457800269126892,-1.1163606643676758,0.3753422498703003,1.2305166721343994,-0.20568637549877167,-0.6397985219955444,-2.4119908809661865,0.07237034291028976,-1.6453648805618286,0.006575143896043301,0.04705178737640381,0.32402971386909485,1.3685405254364014,-1.2600582838058472,-1.0753105878829956,-0.10755893588066101,-0.37689635157585144,-1.187136173248291,0.6680198907852173,1.192245602607727,-0.3719765543937683,0.32844340801239014,-0.6872406005859375,-0.8584414720535278,0.44130367040634155,-1.0834027528762817,0.8783467411994934,-0.9570701718330383,0.4442724585533142,-0.6554294228553772,-1.199684977531433,0.2072800248861313,0.2385031133890152,0.7204270362854004,0.05425047501921654,-1.0145148038864136,0.6022676229476929,-2.4156014919281006,-0.6412564516067505,1.6640064716339111,1.0826351642608643,-1.3548202514648438,-0.9762800335884094,-0.4890097379684448,-1.3796260356903076,0.32231706380844116,0.02222367189824581,-1.8347325325012207,-1.0533037185668945,1.1717673540115356,-1.1636821031570435,-0.34760162234306335,0.675145149230957,-0.46545645594596863,0.596298336982727,-0.4271901249885559,-1.490434169769287,-0.007847116328775883,-1.2720038890838623,-0.038682449609041214,-1.193970799446106,-0.22789257764816284,1.5395917892456055,0.7722025513648987,1.3333752155303955,0.856743335723877,-0.38850274682044983,-0.3348473906517029,-1.368440866470337,1.0731821060180664,-0.6686572432518005,1.1134783029556274,1.1629103422164917
amazon-cd.csv,0.015530050732195377,-1.089491367340088,0.6595959067344666,-1.4241993427276611,-1.2863528728485107,0.4686640501022339,-1.4290951490402222,1.0283348560333252,0.6987897157669067,-0.629377543926239,-0.41401320695877075,0.9290799498558044,-1.4516466856002808,-0.4229203164577484,-0.41202354431152344,-0.9766079783439636,1.072217583656311,0.22133949398994446,-0.47478610277175903,0.610582709312439,0.5969140529632568,0.6561729311943054,1.7687370777130127,-1.2142441272735596,-1.5622093677520752,0.23291435837745667,-0.20989122986793518,0.7688701748847961,-1.2288305759429932,0.760334312915802,0.2503238022327423,0.1909080296754837,-0.3209892511367798,-2.715503692626953,-0.09554002434015274,-1.9441238641738892,-0.5982438325881958,0.23695850372314453,1.6289176940917969,1.2420860528945923,-2.1700282096862793,0.09258367866277695,0.9733959436416626,-0.42080268263816833,-0.789490282535553,0.373934805393219,1.5106626749038696,-0.15563662350177765,1.2620409727096558,0.18917568027973175,-0.8130462765693665,-1.1807289123535156,0.47231587767601013,0.4824935495853424,-0.12090232968330383,1.4304213523864746,0.8570106625556946,-0.5952563881874084,0.5070581436157227,0.48181718587875366,0.23223285377025604,0.9192428588867188,-1.2710202932357788,1.3591454029083252,-2.4816370010375977,-0.6937826871871948,1.1544137001037598,-0.1340479850769043,-0.6989976763725281,0.8811149001121521,-0.6037416458129883,-1.2186741828918457,0.007006795145571232,0.7807984352111816,-2.2776031494140625,-0.7510788440704346,0.5715718269348145,-1.2417778968811035,0.6459130048751831,0.6120113730430603,-0.3345819115638733,1.831143856048584,-1.3393504619598389,-2.144001007080078,0.0482342429459095,-0.8822618126869202,0.9276861548423767,0.02739601954817772,0.30615392327308655,0.36664706468582153,0.8642818331718445,-0.44685301184654236,-0.002849274082109332,0.7839818000793457,-0.19505050778388977,-1.1063365936279297,-0.5184865593910217,-0.29404690861701965,0.9630906581878662,0.8100925087928772
amazon-instruments.csv,0.9853823184967041,-0.46625784039497375,1.106485366821289,-0.8528056740760803,-1.0771552324295044,-0.387216717004776,-1.168032169342041,1.0124785900115967,1.9244633913040161,-0.9165904521942139,-0.37834450602531433,1.1358954906463623,-0.6051591038703918,0.03428090363740921,-0.88299959897995,-0.07578294724225998,0.7126491665840149,0.40907058119773865,1.995863437652588,-0.457830548286438,0.9745196104049683,0.6588748097419739,0.42250803112983704,-0.7071138024330139,-0.19084776937961578,0.11586305499076843,-0.4211602509021759,0.2967919111251831,-1.3118375539779663,0.9986764788627625,0.2984814941883087,-1.1026170253753662,0.18855571746826172,-2.484562635421753,-0.0003122053749393672,-1.5806944370269775,-1.9440912008285522,0.8119209408760071,0.11495380848646164,0.43565288186073303,-2.252591133117676,-0.5927842855453491,0.733640193939209,0.2209237515926361,-0.6196736097335815,0.24866120517253876,1.534584641456604,0.03573209047317505,0.8835864067077637,0.5703853964805603,-0.7434861660003662,-0.2355198711156845,-0.47138604521751404,1.4507955312728882,-0.7108166813850403,0.5927280187606812,-0.5556254982948303,-1.943496823310852,-0.6331751942634583,-0.5826753377914429,0.7435622811317444,0.3933281898498535,-1.0315139293670654,0.9731518626213074,-2.2255923748016357,0.016460221260786057,1.940123438835144,0.5596679449081421,-0.944987952709198,0.7907041311264038,-0.7409546375274658,-1.16763436794281,0.6825116872787476,-0.11497747898101807,-1.90757155418396,-1.9373784065246582,0.05203812196850777,-2.0767970085144043,-0.6595060229301453,0.5875927209854126,0.6706096529960632,0.8173328042030334,-1.9869412183761597,-0.46137839555740356,0.3917497992515564,-1.124037265777588,0.25923842191696167,-0.17700116336345673,-0.8356019854545593,0.525452196598053,0.050147973001003265,0.15274061262607574,0.7774488925933838,-0.24438972771167755,0.41794148087501526,-1.8078088760375977,-0.5978356003761292,-0.7945843935012817,0.6206133365631104,1.2046302556991577
tripadvisor.csv,0.9204816222190857,-0.8524406552314758,0.34081023931503296,-0.9309927821159363,-1.1279969215393066,-0.2984815835952759,-0.056054405868053436,-0.025273727253079414,0.16395334899425507,-1.4561972618103027,0.2517724335193634,1.2723312377929688,-0.43184223771095276,0.1506139636039734,-0.6365543603897095,-0.3771413266658783,1.4215636253356934,0.21053119003772736,1.3316786289215088,-0.49115902185440063,1.5855861902236938,0.11453462392091751,1.7277469635009766,-0.6198222041130066,-0.10805003345012665,0.82073974609375,0.27876898646354675,0.01834467053413391,-2.089308023452759,1.0388282537460327,-0.021661989390850067,-0.9041808247566223,-0.7411301136016846,-1.1039625406265259,0.40337809920310974,-1.6880667209625244,-0.49521127343177795,0.42085176706314087,0.9387690424919128,1.3854469060897827,-1.78368079662323,-0.843641459941864,-0.5903910398483276,-0.3083667755126953,-1.3154767751693726,-0.05278182402253151,1.4488046169281006,-0.7465232014656067,0.6188984513282776,1.0660558938980103,0.9128910303115845,0.07508569955825806,-1.28366219997406,1.7724188566207886,-1.0533981323242188,0.8965210914611816,-0.4844822287559509,0.05690604820847511,-0.9900810122489929,0.6480231285095215,0.8061627745628357,0.17202670872211456,-1.2046452760696411,-0.4057415723800659,-2.1478607654571533,-1.12920081615448,2.3123056888580322,0.47475242614746094,-0.9100800156593323,-0.431864470243454,1.0669575929641724,-2.150609254837036,0.0945771262049675,0.0892036110162735,-1.878042221069336,-0.6236122250556946,-0.8702390193939209,-1.7810163497924805,0.39613935351371765,0.6560489535331726,0.09181194752454758,0.9034343361854553,-1.4792230129241943,-2.208294630050659,0.4880055785179138,-0.9019145965576172,0.502181887626648,0.30401501059532166,0.852460503578186,-0.5063573122024536,-0.06943865120410919,0.1224811002612114,0.24869965016841888,-1.409662127494812,-0.30740928649902344,0.08516108989715576,-1.9055231809616089,0.9377224445343018,1.0546796321868896,0.12260063737630844
jester1.csv,-0.6142980456352234,-1.2854629755020142,-0.4237198233604431,-0.7213791608810425,-1.6290584802627563,-0.1897149235010147,-0.7204601168632507,1.0811735391616821,0.900517463684082,-0.308724582195282,-0.6321242451667786,0.8328549265861511,-0.4008834958076477,-1.1492499113082886,-0.450334370136261,0.27661752700805664,1.8910788297653198,-0.4887503981590271,1.0259774923324585,-0.13598830997943878,-0.44553643465042114,-0.7675467133522034,1.8396339416503906,0.5164697170257568,-0.10806983709335327,1.0262218713760376,0.5770282745361328,-0.12009157985448837,-0.49381205439567566,-0.5496028661727905,-0.3206022083759308,0.09213157743215561,-0.2127840667963028,-1.993249535560608,0.5272160172462463,-0.01409642118960619,-2.175363540649414,-1.097631573677063,1.1483945846557617,1.1009941101074219,-3.060033082962036,0.49749499559402466,0.11206433176994324,-0.15550126135349274,-0.72896808385849,-0.82939612865448,1.283916711807251,0.3833489716053009,0.5423356294631958,0.04189365357160568,-1.0291008949279785,1.251944899559021,-0.7293636798858643,1.4949302673339844,0.9815654754638672,1.087709665298462,-0.1121223196387291,-1.0399593114852905,0.18499840795993805,0.003384434152394533,1.4165083169937134,0.6561504006385803,-0.9951705932617188,0.38456255197525024,-1.7463397979736328,-1.008791446685791,1.1777002811431885,1.2851165533065796,-2.0067548751831055,-0.2131107598543167,0.2162328064441681,-0.18359602987766266,-0.19913393259048462,0.7908950448036194,-2.069794178009033,-1.5536834001541138,1.7026441097259521,-2.2831966876983643,-0.08678548783063889,0.5864221453666687,0.1880922168493271,0.6990090012550354,-0.537902295589447,-1.6544331312179565,1.2583889961242676,-0.29949167370796204,-0.6888331770896912,0.49718886613845825,-0.959415078163147,0.49097487330436707,0.6709073781967163,0.9926074147224426,-0.34270256757736206,-0.40469878911972046,-0.6006381511688232,-0.9470248222351074,-0.430097758769989,-0.6355720162391663,1.328613519668579,0.500846803188324
bookcrossing.csv,0.664212703704834,0.01933114230632782,0.612851619720459,-1.4482710361480713,-0.5484300255775452,-0.8509664535522461,-0.23647825419902802,1.3564175367355347,1.0685878992080688,-2.3676836490631104,-0.20550721883773804,0.7476353645324707,-1.9055347442626953,-0.6080216765403748,-0.9340442419052124,0.22997798025608063,1.213078260421753,-0.5660620331764221,0.512424886226654,-0.5919790267944336,1.1338248252868652,0.020497873425483704,1.726104497909546,-1.213179588317871,0.011766274459660053,-0.6447664499282837,-0.15078876912593842,-0.5727996826171875,-1.098893642425537,1.1119446754455566,-0.7501635551452637,-0.4546350836753845,0.0600605234503746,-2.2776694297790527,0.9210364818572998,-0.9539742469787598,-1.9861781597137451,1.228705883026123,0.5394031405448914,0.648302435874939,-1.7236518859863281,-1.5584272146224976,-0.3534829616546631,-0.3720743954181671,-0.25410550832748413,-0.17690782248973846,1.0563448667526245,-0.4698742628097534,1.7354011535644531,-0.20245221257209778,-1.045612096786499,0.3022298812866211,0.08958270400762558,-0.41411715745925903,-1.0768176317214966,0.5341256260871887,-0.34177300333976746,-1.0119743347167969,0.9721594452857971,-0.21324291825294495,0.2154584676027298,0.021999143064022064,-1.115132451057434,-0.05486263707280159,-2.212662696838379,-0.3663741946220398,1.5308067798614502,0.14627324044704437,-1.7831238508224487,0.44315752387046814,0.8040615320205688,-1.471752405166626,-0.5308016538619995,0.12254301458597183,-2.0276927947998047,-0.08084999769926071,0.8387923240661621,-0.9945092797279358,-0.27738553285598755,-0.6929716467857361,0.5039504766464233,0.9637383818626404,-0.9625725150108337,-1.7733052968978882,1.0478966236114502,-0.87479567527771,0.2678908109664917,-0.6554872393608093,-0.4807256758213043,0.6042647361755371,0.09037081897258759,0.44587334990501404,0.5815958976745605,0.358121395111084,0.8503814935684204,-2.8204970359802246,-0.8907390236854553,0.23216219246387482,1.001265525817871,0.7777760624885559
movielens_latest.csv,0.21865202486515045,-0.10722628235816956,2.2902402877807617,-1.2889963388442993,-0.3982750475406647,0.6928747296333313,-1.55922269821167,-0.6554989814758301,0.38993269205093384,-1.5723553895950317,0.4174066483974457,0.7697799801826477,0.9684455990791321,-1.0917913913726807,-1.0930153131484985,0.8857768774032593,1.0581343173980713,-0.20031271874904633,0.6875253319740295,-0.1136513277888298,1.4926984310150146,0.15224780142307281,1.433355450630188,-0.13968725502490997,-0.41046926379203796,-0.30655771493911743,-0.17260022461414337,0.17006665468215942,0.7008101344108582,-0.06626902520656586,0.5004178285598755,0.21095067262649536,0.4700526297092438,-1.206228256225586,0.6242733597755432,-0.17691364884376526,-1.7847977876663208,1.4312083721160889,-0.48588186502456665,-0.2641865015029907,-2.2565226554870605,-0.23982830345630646,0.1311352550983429,-1.0302168130874634,-0.6983868479728699,-0.8518689870834351,1.5332204103469849,-0.3921569287776947,0.36421555280685425,1.0198947191238403,0.23670801520347595,-1.5663318634033203,-2.0690438747406006,0.9434178471565247,-0.6113622784614563,-0.25565072894096375,0.10014728456735611,0.5327252745628357,0.3026357591152191,0.5486883521080017,1.2392884492874146,0.11011608690023422,-0.005047142505645752,-0.48154452443122864,-1.8347644805908203,-0.42680051922798157,0.3698142170906067,1.2470194101333618,-1.86577308177948,1.6516755819320679,0.5702329874038696,-1.110749363899231,0.3291662335395813,0.5774365663528442,-2.693734884262085,-1.4091212749481201,1.4142770767211914,-2.1226601600646973,0.2697688639163971,-0.3647620379924774,-0.07314439117908478,-0.11833636462688446,-0.9667379260063171,-1.8739947080612183,1.5919843912124634,-0.12935832142829895,0.1858358085155487,-0.6888608932495117,-0.21132943034172058,0.8590558171272278,1.0154435634613037,-0.09438081085681915,-0.49199238419532776,1.2142871618270874,-0.6848324537277222,-0.1853940784931183,-0.44097137451171875,-1.1004842519760132,0.39247018098831177,1.7545892000198364
movietweetings_latest.csv,-0.13454630970954895,-1.1487312316894531,-0.8710484504699707,-1.028342604637146,0.40001437067985535,0.7903059124946594,-0.2985481321811676,0.6146281361579895,0.7299007773399353,-0.5945258140563965,-1.0396389961242676,0.7424936294555664,0.0060133314691483974,-0.059543024748563766,-2.4157564640045166,0.23270747065544128,1.7427880764007568,0.20488674938678741,0.3568662106990814,0.039229169487953186,0.6209331750869751,-1.1139676570892334,0.9804466962814331,-1.010251760482788,-0.5773159861564636,-0.4023900330066681,-0.84221351146698,-0.267783522605896,-1.5765990018844604,0.29716652631759644,1.111525058746338,0.11399397999048233,-0.35157153010368347,-2.963000535964966,0.37274569272994995,-2.016892671585083,-0.8541523814201355,0.7061517834663391,-0.44602465629577637,0.3539552688598633,-2.0803885459899902,-1.260895848274231,0.868840754032135,-0.1014455258846283,-0.41107624769210815,-0.31249818205833435,-0.7979439496994019,-1.617418885231018,0.5988809466362,-0.03484584391117096,-0.5513139963150024,-0.20596736669540405,-1.3687114715576172,1.8312946557998657,0.2877611517906189,1.1629836559295654,-0.9969064593315125,-0.2670460045337677,0.6579955816268921,-1.0918856859207153,1.6851330995559692,0.8068887591362,-1.3113433122634888,0.4829205870628357,-1.5576972961425781,0.04901360720396042,0.14697475731372833,0.5405937433242798,-0.746204674243927,1.4538732767105103,0.3177037537097931,-1.6798467636108398,-1.0285087823867798,0.099755197763443,-2.2011051177978516,-0.7073835134506226,0.03682693466544151,-2.1660563945770264,0.08033498376607895,0.14748239517211914,1.2436459064483643,1.0262726545333862,-0.915834903717041,-1.0986735820770264,1.4715542793273926,-0.27716681361198425,1.5483914613723755,0.7573800086975098,0.2733200788497925,0.32202622294425964,0.4027162790298462,0.9668861627578735,0.2798604369163513,-0.4108991026878357,0.036724723875522614,-0.9649986028671265,-0.6404874324798584,0.3408559262752533,-0.24171166121959686,1.590789794921875
amazon-phones.csv,-0.21335424482822418,-0.6799283623695374,1.8004984855651855,-0.46514859795570374,0.43122047185897827,-0.24749168753623962,-0.4932650029659271,0.06408368051052094,0.7964243292808533,0.20244331657886505,-0.8624427318572998,0.7556037306785583,-0.16583502292633057,0.5281094312667847,-0.1923297494649887,-0.583875834941864,0.919179379940033,0.019105996936559677,1.2121858596801758,-0.5969915390014648,0.7538516521453857,0.4209112524986267,1.7576061487197876,-1.1834197044372559,0.43560585379600525,-0.22874164581298828,-0.3994537591934204,0.7340117692947388,-1.6872469186782837,0.8328590989112854,-0.22374552488327026,-1.2814120054244995,-0.46360674500465393,-2.715534210205078,0.8179131150245667,-1.9253922700881958,-1.237589716911316,0.5902708768844604,0.5559493899345398,0.8278619647026062,-2.299309492111206,-0.774415135383606,-0.9127768278121948,0.5978955626487732,-0.9083336591720581,0.9505784511566162,1.9539216756820679,-0.6975346803665161,1.1960644721984863,-0.392605721950531,-1.329283356666565,0.1168770045042038,-2.020563840866089,1.2465078830718994,-0.20023521780967712,0.22536815702915192,0.22788050770759583,-0.7509060502052307,-0.05715583637356758,-0.17002728581428528,0.12254560738801956,-0.17895306646823883,-0.872428297996521,1.0494179725646973,-2.665095329284668,-0.613629937171936,1.290071964263916,0.1194920688867569,-0.37068235874176025,1.5570085048675537,-1.018547534942627,-1.08723783493042,-0.02824501320719719,-0.3989294767379761,-2.260572910308838,-1.307058334350586,0.677137017250061,-1.9458860158920288,-0.2546457350254059,-0.2465859353542328,0.007972474209964275,2.0269620418548584,-1.3566582202911377,-1.5861589908599854,0.0054411739110946655,-0.23040227591991425,-0.05847792699933052,-0.7154731750488281,0.7932458519935608,0.8332819938659668,0.583040177822113,0.7224836349487305,0.28683361411094666,0.5707005262374878,0.35674887895584106,-0.5646328330039978,0.4011814296245575,-0.12625786662101746,1.2374979257583618,-0.3411547541618347
amazon-toys.csv,0.3773060441017151,0.17292441427707672,0.7218989729881287,-0.985299825668335,-0.595792293548584,0.08650725334882736,-1.5415852069854736,0.5986418128013611,-0.027364183217287064,-2.3311781883239746,0.057308416813611984,1.247477412223816,-0.045218635350465775,-0.5029650330543518,-1.6714017391204834,0.5520076155662537,1.014979600906372,0.6015728712081909,1.0180039405822754,-0.12802812457084656,0.37910526990890503,0.5991527438163757,1.2979114055633545,-2.3315176963806152,0.6354718208312988,-1.0551496744155884,0.04556502029299736,0.5016074180603027,-0.3626527190208435,0.6518383622169495,-0.555404782295227,0.24155765771865845,0.720330536365509,-2.1649856567382812,0.9526970982551575,-2.2497503757476807,-1.2318918704986572,-0.8892844319343567,0.40305933356285095,1.3118462562561035,-2.2889766693115234,-0.967105507850647,-0.30645135045051575,0.3864629864692688,-0.7115946412086487,0.006661585066467524,1.2923599481582642,-0.1347682923078537,0.37190836668014526,0.013667808845639229,-0.5629780888557434,-0.8370016813278198,-0.6062980890274048,0.8282420039176941,-0.818101704120636,1.6483478546142578,0.43646708130836487,-1.5272026062011719,-1.6635006666183472,0.08878037333488464,0.18738284707069397,0.40641868114471436,-0.9516307711601257,-0.27814120054244995,-1.9716088771820068,-0.7365928888320923,2.022136688232422,0.585013747215271,-0.6299865245819092,1.0316492319107056,0.20230735838413239,-1.008193016052246,-0.39152565598487854,-0.6789358854293823,-1.598867654800415,-2.164243698120117,-0.20438192784786224,-1.278106451034546,-0.11952430754899979,1.229286551475525,0.8376663327217102,1.205666184425354,-1.360247254371643,-0.4381166696548462,1.5322903394699097,-0.47553667426109314,-0.3747618794441223,-0.6399621367454529,-1.4520078897476196,-0.02485150657594204,-0.04565989971160889,0.6644439101219177,0.07808933407068253,0.0857790857553482,0.4392956495285034,-1.5904133319854736,0.10195741057395935,0.7097516655921936,0.4858662486076355,0.5258443355560303
amazon-digital-music.csv,0.09766335040330887,-0.8933659195899963,0.05577288195490837,-1.2293825149536133,-0.8585180044174194,0.13905562460422516,-1.8057199716567993,0.45781320333480835,0.3231276273727417,-0.6867802739143372,-0.4457414150238037,0.8088750839233398,-1.1310019493103027,-0.48509207367897034,-0.46208226680755615,0.7006221413612366,1.2513177394866943,-0.24453316628932953,1.2346279621124268,-0.5026842355728149,2.0836422443389893,-0.04977938160300255,1.393646478652954,-1.0760653018951416,-0.024808207526803017,0.1501159816980362,0.08215437084436417,0.5219122767448425,-1.561980962753296,0.7784302234649658,-0.6957244277000427,-0.5403503775596619,0.13529910147190094,-3.156538248062134,1.6068384647369385,-1.9102834463119507,-0.6741096377372742,0.1344488114118576,0.4376198947429657,0.5856533646583557,-2.0215306282043457,-1.2008293867111206,-0.7146039009094238,0.5338521003723145,-0.7896327376365662,-0.19780422747135162,0.9190539717674255,-0.653168797492981,0.6819167733192444,-0.3680584132671356,-0.5554613471031189,0.016066046431660652,-1.4167442321777344,1.3010387420654297,-1.2277766466140747,0.7128912210464478,-0.010133464820683002,-1.0715550184249878,0.4478175938129425,0.46078163385391235,0.3315655291080475,0.22392819821834564,-0.7925078868865967,0.6065133213996887,-1.9275556802749634,-0.9461506605148315,1.8188457489013672,0.7346646785736084,-0.39594706892967224,1.302800178527832,-0.19375285506248474,-0.8915970921516418,0.4483248293399811,-0.8227435350418091,-1.7944666147232056,-0.6614353060722351,0.5738552212715149,-1.8940296173095703,-0.5102540850639343,1.556374192237854,0.4502030313014984,0.7460244297981262,-1.61679208278656,-1.8328220844268799,0.28213053941726685,-0.8929375410079956,0.2007608860731125,0.5732593536376953,-0.8408551812171936,0.8076919913291931,0.9311664700508118,0.35772061347961426,0.9404061436653137,0.12133865058422089,0.1713097095489502,-1.8456814289093018,-1.1070268154144287,0.08368973433971405,0.7101172804832458,1.152251124382019
amazon-beauty.csv,0.8995009064674377,-0.6982814073562622,0.6062089800834656,-0.5506069660186768,-0.13743336498737335,-0.20591051876544952,-1.771409511566162,-0.002377815544605255,0.4842616319656372,-1.0071887969970703,0.22166822850704193,0.9336984753608704,-0.6721038222312927,-0.035092439502477646,-0.43391984701156616,-0.73036128282547,0.5772107243537903,-0.053916819393634796,0.6318207383155823,-0.05763814225792885,0.6014963388442993,-0.6805793642997742,1.8183784484863281,-1.1929652690887451,-0.2607998251914978,-0.12858696281909943,-0.5489862561225891,-0.09599005430936813,-1.759301781654358,0.9217151403427124,-0.024357376620173454,-0.2423059642314911,-0.45410463213920593,-2.287787914276123,0.5950043797492981,-1.8642064332962036,-0.5182013511657715,0.753896176815033,1.1420222520828247,0.4163382053375244,-2.9953629970550537,-1.507050633430481,-0.08670463413000107,0.29845714569091797,-0.8574603199958801,0.9658228158950806,1.266228437423706,-0.6907746195793152,1.3562678098678589,-0.6477324962615967,-0.1741064041852951,0.8178161382675171,-1.6763520240783691,0.5398983359336853,-0.7197302579879761,1.3655802011489868,-1.1574182510375977,-1.3436192274093628,-0.03497022017836571,-0.10607721656560898,1.3448288440704346,0.648048460483551,-1.1788424253463745,1.278539776802063,-1.8348840475082397,-0.6958978772163391,2.0551962852478027,0.14226078987121582,-1.3580079078674316,0.1878887265920639,0.027372295036911964,-1.2345401048660278,1.1981847286224365,-1.0643588304519653,-1.6097644567489624,-0.3142179846763611,0.7053226232528687,-1.5308929681777954,-0.6339484453201294,0.031144481152296066,0.4686115086078644,-0.2764814496040344,-1.2935954332351685,-2.1008479595184326,1.021488904953003,-0.9900192022323608,0.8191507458686829,0.321214497089386,-0.564754068851471,0.1476007103919983,0.5412859916687012,0.7762048244476318,-0.7754209041595459,-0.7129130363464355,-0.6916293501853943,-1.0277632474899292,-0.4372057020664215,-0.5746432542800903,1.4489953517913818,1.2597750425338745
flixter.csv,-0.7149427533149719,-1.5179064273834229,-0.9903879165649414,0.439161479473114,-0.9844977259635925,0.6482124924659729,-1.0590115785598755,0.06415947526693344,1.2256784439086914,-0.4635854959487915,0.5733682513237,0.7899727821350098,0.6074773669242859,-1.2259528636932373,-0.3931024968624115,-0.22389990091323853,1.8839691877365112,-0.262592613697052,0.4167235493659973,-0.1215667575597763,1.2113090753555298,1.0654622316360474,0.8041543960571289,-1.0576075315475464,-1.1330310106277466,-0.17719906568527222,0.05709146335721016,0.5917673707008362,-1.6107137203216553,0.4466141164302826,0.12177562713623047,-0.18353122472763062,0.5079585313796997,-1.3497220277786255,0.42061635851860046,-0.6912636160850525,-3.507352113723755,0.0007403671625070274,0.8119357228279114,-0.5667470693588257,-2.0191290378570557,-1.0537285804748535,-0.1356119066476822,-0.7570127248764038,-0.813813328742981,0.8332415819168091,0.6393158435821533,-0.5223599672317505,1.6672472953796387,0.6425542235374451,0.21380990743637085,-0.17880411446094513,-1.4789841175079346,0.14716219902038574,-0.5392685532569885,0.9122800827026367,0.02368292212486267,0.6683878302574158,-0.8526586890220642,0.6225696206092834,0.05053533613681793,-0.043158937245607376,-2.154959201812744,0.6796679496765137,-0.8952786922454834,-0.7586131691932678,0.25407281517982483,0.8723971247673035,-1.2145880460739136,1.1705105304718018,-0.5143137574195862,-1.5315539836883545,-0.3007001280784607,0.03195956349372864,-1.010539174079895,-1.2751752138137817,1.026879906654358,-1.2776352167129517,0.8861815333366394,-0.11272849887609482,-0.2465222030878067,1.5863538980484009,0.6858659982681274,-0.1774653196334839,0.5614005923271179,-1.0511856079101562,1.439535140991211,-0.2706325650215149,-0.4994675815105438,-0.04494665563106537,0.6945480108261108,2.289825439453125,-0.4347228705883026,-0.754391074180603,1.2503682374954224,-1.1236815452575684,-0.26759597659111023,0.4457538425922394,1.1845335960388184,2.6823089122772217
movielens10m.csv,-0.49885186553001404,-0.35117825865745544,0.5608199238777161,-1.4309861660003662,0.7190453410148621,0.4173860549926758,-0.2135976254940033,0.7265912890434265,1.707858681678772,-1.1600667238235474,0.3008773624897003,-0.8423342108726501,0.07522415369749069,-0.0884915441274643,-0.9090774059295654,-0.6323192119598389,1.4433226585388184,-1.0735982656478882,1.1222091913223267,-0.6119282245635986,0.5465602874755859,-0.23769241571426392,2.1732726097106934,-0.6271635890007019,-1.386272668838501,-0.31099823117256165,0.5251012444496155,0.01568501628935337,-0.10707656294107437,0.6080721020698547,-0.4482930600643158,0.8328531980514526,0.03216196224093437,-2.667048215866089,1.7145625352859497,-1.5311681032180786,-2.668065309524536,0.09143972396850586,0.5811143517494202,0.5466739535331726,-1.7667678594589233,-0.32303497195243835,0.7887139916419983,-0.25639402866363525,-1.0948684215545654,1.049709439277649,1.6276935338974,-1.1696116924285889,0.8492638468742371,1.3207459449768066,0.28599783778190613,-0.0032274459954351187,-0.569115400314331,1.416943073272705,-0.1751958131790161,2.3707501888275146,-0.5388461947441101,-0.04589385539293289,0.8230400085449219,-0.22569045424461365,0.08354678750038147,0.7647533416748047,-0.25442641973495483,0.061060067266225815,-2.5340912342071533,-0.3785134255886078,1.6812491416931152,0.0987151637673378,-1.1606515645980835,0.1529301255941391,-0.22807098925113678,-0.2868344187736511,0.0827646404504776,-0.0031869541853666306,-1.239405632019043,-1.5550798177719116,0.13376840949058533,-1.7682706117630005,0.26150327920913696,0.21471470594406128,1.265082836151123,-0.4765912592411041,-1.2610652446746826,-1.1719988584518433,-0.8615924715995789,-1.0045188665390015,-1.6782820224761963,-0.13201327621936798,0.04457012563943863,0.7749412059783936,0.07978053390979767,1.2404003143310547,0.03980950638651848,-0.15218259394168854,0.9108207821846008,-0.42726820707321167,-0.8344137072563171,0.45409730076789856,-0.08466153591871262,1.258878231048584
amazon-apps.csv,-0.1162237823009491,-0.2492513507604599,0.2546774744987488,-1.733720302581787,-0.2571438252925873,0.0698356181383133,-1.8085397481918335,0.969903290271759,1.8073371648788452,-0.11769245564937592,0.792042076587677,1.1335738897323608,-1.019318699836731,0.4804723560810089,-0.4304569661617279,-0.23157306015491486,2.316596031188965,0.538079023361206,0.12920135259628296,0.7684223651885986,1.3795616626739502,0.4317702353000641,1.7675868272781372,-0.41229090094566345,0.6322904229164124,-0.28921234607696533,1.1792253255844116,0.6216734051704407,-0.7475753426551819,1.4672024250030518,0.050253286957740784,-1.105652093887329,-0.36273854970932007,-2.2848212718963623,1.2973878383636475,-1.9583419561386108,-0.8948867917060852,0.3741621971130371,0.7945153713226318,1.201697826385498,-1.354363203048706,-1.173216700553894,0.14356666803359985,0.7742024064064026,-0.2057875692844391,-0.11055584251880646,0.08952227234840393,0.018001781776547432,1.8657300472259521,-0.33426031470298767,-0.317150354385376,0.3409658670425415,-1.081408143043518,1.0328998565673828,-0.3891325294971466,0.89585280418396,-0.11286797374486923,-1.087193489074707,-0.3229195773601532,1.118916630744934,0.8999179005622864,0.11408954858779907,-0.3037831783294678,-0.25372934341430664,-3.001565456390381,-1.0832443237304688,1.968480110168457,0.8830108642578125,-1.0881201028823853,0.998803436756134,0.299941748380661,-0.5924280285835266,-0.6605433225631714,0.04213763773441315,-1.1426620483398438,-1.5707494020462036,1.62758207321167,-1.8051533699035645,0.5426594018936157,0.9643291234970093,-0.06318282335996628,1.1931068897247314,-0.6403339505195618,-1.3213732242584229,0.5058877468109131,-0.7535646557807922,0.48545122146606445,-0.283095121383667,-0.06589626520872116,1.2585325241088867,0.3319832980632782,-0.3920295536518097,0.04059001803398132,0.7197093367576599,0.09499836713075638,-1.205080270767212,-0.9811694025993347,-0.15397027134895325,1.1396626234054565,0.26572880148887634
amazon-sports.csv,0.39292269945144653,-0.6967940330505371,1.5056480169296265,-0.9858220219612122,-0.7825990915298462,0.06425844877958298,-1.9439655542373657,0.590188205242157,0.9654833674430847,-1.0062668323516846,0.16413339972496033,0.9286712408065796,-1.3511683940887451,-0.06530387699604034,-0.8212041258811951,-0.837430477142334,2.168590784072876,-0.40029317140579224,0.9531124830245972,-0.10429779440164566,1.502925157546997,0.19754347205162048,1.7139170169830322,-1.4713551998138428,0.288730651140213,1.4539874792099,-0.7136338949203491,0.07805045694112778,-1.4456710815429688,1.754518747329712,0.38941144943237305,-0.8080354332923889,-0.23461735248565674,-2.4767496585845947,0.8381074666976929,-1.2860066890716553,-1.8500261306762695,-0.4013497233390808,1.1865973472595215,-0.00943238940089941,-2.468331813812256,-1.6597058773040771,-0.058783333748579025,-0.02791636623442173,-0.5516905188560486,-0.33974167704582214,1.101200819015503,-0.7210879325866699,0.9189691543579102,0.5604081749916077,-0.28968697786331177,-0.7907613515853882,-0.8513893485069275,1.117313027381897,-0.5871571898460388,0.5076228380203247,-0.3443545401096344,-0.3389957547187805,0.33945879340171814,-0.7446781396865845,1.3074315786361694,0.5509628057479858,-1.200598955154419,1.0501744747161865,-1.9254162311553955,-0.39998331665992737,1.618528962135315,0.04404543340206146,-0.9669573307037354,0.21644146740436554,0.22895459830760956,-0.8561544418334961,-0.7155924439430237,0.46449214220046997,-2.0544896125793457,-0.463031142950058,0.2043900042772293,-1.5216809511184692,0.40280085802078247,0.8133234977722168,0.49279195070266724,0.62863689661026,-0.724922239780426,-1.1050136089324951,-0.007021981757134199,-0.4955337643623352,0.09879787266254425,-0.21247848868370056,-1.4264057874679565,0.31255042552948,0.9358440637588501,0.5575260519981384,0.37229371070861816,-0.25699687004089355,-0.8384572267532349,-1.9089689254760742,-0.7373940944671631,-0.467868447303772,0.9352191090583801,0.4804072082042694
yahoo-music.csv,0.22156783938407898,-1.2533042430877686,1.4836736917495728,-1.27889883518219,0.06907965987920761,0.7391383051872253,-1.0308637619018555,0.6296924352645874,1.4909865856170654,-1.6284480094909668,-0.39729994535446167,1.0629321336746216,-0.11732850968837738,-0.8247480392456055,0.422962486743927,-0.48988422751426697,2.275897979736328,-0.01881309039890766,1.8022758960723877,-0.38420185446739197,0.2130976766347885,1.0892494916915894,1.9472531080245972,0.012597329914569855,-0.7832092642784119,0.6448272466659546,0.027099523693323135,0.638884961605072,-1.6392055749893188,0.07259928435087204,-0.28777170181274414,-0.07560471445322037,0.20563341677188873,-1.3325072526931763,-0.5655844211578369,-0.8842453360557556,-0.30774831771850586,0.016068270429968834,-0.16147875785827637,0.8975344896316528,-4.086360454559326,-0.0407254621386528,0.3881102502346039,-0.2952961325645447,0.4385910630226135,0.9359655380249023,-0.5185897350311279,-1.2726939916610718,0.7799633145332336,0.41376790404319763,-0.6362465620040894,1.0046334266662598,-0.6735616326332092,0.362138956785202,0.3246578574180603,1.0669265985488892,0.7585543394088745,0.07024955004453659,-0.07572098821401596,-0.3999812602996826,-0.02342134341597557,0.20637089014053345,-0.920840322971344,-0.1610010862350464,-1.660446047782898,-0.21075111627578735,2.7396106719970703,2.033252239227295,-0.7857112884521484,0.0798555314540863,0.06505165994167328,-0.5392868518829346,0.0431329682469368,-0.9836958050727844,-1.9722498655319214,-0.6931836009025574,0.05275237560272217,-0.9968728423118591,-0.2771031856536865,-0.33150508999824524,-0.09743533283472061,1.455540657043457,-0.25116369128227234,-0.3264636993408203,2.1037180423736572,-0.751294732093811,0.8241058588027954,-0.46113982796669006,0.2764352560043335,0.4881818890571594,0.5515342950820923,1.0261585712432861,0.14947055280208588,0.36719658970832825,0.5615284442901611,-0.8978928923606873,-1.8861366510391235,0.002278544707223773,-0.7940654754638672,0.9007359743118286
amazon-instant-video.csv,1.22585928440094,-0.2025061547756195,0.9865984320640564,-1.156038761138916,-0.1908421665430069,0.07042688876390457,-0.7040573954582214,0.39387059211730957,1.2217285633087158,-1.052049994468689,0.20792542397975922,1.4102394580841064,-1.1993919610977173,0.05164658650755882,-0.6977430582046509,0.7951885461807251,1.5566048622131348,0.08475581556558609,0.30753374099731445,-0.48300808668136597,0.8780350685119629,0.20613063871860504,0.7456276416778564,-1.817117691040039,0.06846191734075546,0.5605013370513916,-0.029453910887241364,1.3233071565628052,-0.9513476490974426,0.44060060381889343,-0.18847696483135223,-0.12311176210641861,1.3089207410812378,-2.9030776023864746,0.9068467617034912,-2.082329034805298,-1.6549261808395386,-0.21584674715995789,0.9531254768371582,0.4747408330440521,-1.0993046760559082,0.045665442943573,0.19888071715831757,0.5893620252609253,-0.2822825014591217,-0.0752238780260086,2.2386844158172607,-0.7065384387969971,1.2013733386993408,-0.1688297986984253,-0.3262612819671631,0.8708991408348083,-0.7292909026145935,1.3912603855133057,-0.40290793776512146,1.6303189992904663,-0.3106312155723572,0.14920471608638763,-0.6731964349746704,-1.2922080755233765,0.9015264511108398,0.7208535671234131,-1.8167860507965088,-0.05681920796632767,-3.277153491973877,-0.5239441394805908,1.8762489557266235,-0.47742128372192383,-1.1218225955963135,-0.1043485477566719,-0.19130365550518036,-0.6984286308288574,0.0919029712677002,-0.9825350046157837,-1.027401328086853,-0.4414993226528168,0.8365540504455566,-0.10591356456279755,-1.1151314973831177,1.1016511917114258,0.6832950711250305,0.9497528076171875,-0.49996429681777954,-1.9378169775009155,1.550918459892273,-0.8146548867225647,0.8636069893836975,-0.6189772486686707,-0.009068750776350498,-0.3917558193206787,0.36937782168388367,0.3294307589530945,0.11713819950819016,0.18502672016620636,-0.07309455424547195,-1.134252905845642,-0.41724011301994324,-1.3187156915664673,0.07838261127471924,1.232460379600525
yahoo-movies.csv,0.7388225793838501,0.4328620433807373,0.12927518784999847,-0.9937607645988464,0.17929178476333618,-0.19848410785198212,-1.6930643320083618,0.7461487054824829,0.5776638984680176,-1.2807210683822632,0.6328436136245728,1.3074086904525757,0.8950710892677307,0.07991249114274979,-1.2211862802505493,-0.6078605055809021,0.867431104183197,-0.5777678489685059,0.6436187624931335,-0.9000471830368042,-0.15315937995910645,0.698456883430481,1.1918336153030396,0.6389721035957336,-0.3396476209163666,0.024228805676102638,-0.28614500164985657,0.06134431064128876,-1.0258806943893433,0.4374617636203766,0.4846695363521576,-0.6702628135681152,-0.4026373624801636,-2.734997034072876,1.1611109972000122,-1.139672875404358,-1.7206778526306152,0.7564838528633118,0.6915813684463501,2.411823034286499,-2.955826997756958,-0.5902445912361145,0.7545773983001709,-0.5111671686172485,-0.6649581789970398,0.6678429841995239,1.01996648311615,-0.1373969167470932,1.5527009963989258,1.6405695676803589,-1.0220754146575928,-0.8087372779846191,-1.0978630781173706,-0.5610760450363159,-0.41708871722221375,0.5037685036659241,0.36700382828712463,0.06472093611955643,0.6222625970840454,-0.3537611663341522,1.3087525367736816,1.0783953666687012,-0.9198654294013977,0.13315340876579285,-2.815518379211426,-1.1853028535842896,0.31387484073638916,0.8571805357933044,0.015975341200828552,0.9232562184333801,1.2591187953948975,-0.5126561522483826,0.8033391237258911,-0.9933881163597107,-0.23311816155910492,-1.029232382774353,1.0093770027160645,-1.774777889251709,-0.44458839297294617,0.29374927282333374,0.04379521682858467,0.9356065988540649,-0.08252502232789993,-1.712664008140564,0.7358083128929138,-0.7460352778434753,0.440395325422287,-0.8604848980903625,0.20602422952651978,-0.4088975787162781,0.2921317517757416,1.3884748220443726,0.4814780056476593,-0.17548377811908722,-1.5110805034637451,-1.6057029962539673,-0.7332085371017456,1.0840157270431519,0.09706034511327744,1.0635906457901
movielens1m.csv,0.764246940612793,-0.8680785894393921,0.7050107717514038,-1.264623999595642,-0.2616422772407532,1.3376563787460327,-0.622463583946228,0.643231213092804,0.931407630443573,-1.1823441982269287,-0.038542188704013824,1.3078924417495728,1.113456130027771,-0.45768630504608154,-0.309768944978714,-1.8248353004455566,1.6194413900375366,0.14786234498023987,0.5678161978721619,-0.373399943113327,0.6602603197097778,0.4029845893383026,1.7836545705795288,0.2003161609172821,-0.28992700576782227,0.11819972097873688,-0.2348773330450058,1.1187758445739746,-2.3924906253814697,-0.11059045046567917,0.07643172144889832,0.11929921060800552,-0.33257168531417847,-2.1560282707214355,0.5063685774803162,-1.744226098060608,-2.510845899581909,-0.3679109215736389,1.0597717761993408,0.2942280173301697,-2.100533962249756,0.25991693139076233,-0.36101165413856506,-1.4936364889144897,-1.2447292804718018,0.2854800522327423,1.0957379341125488,-0.6216995120048523,0.3413699269294739,0.4895434081554413,-1.7320476770401,0.5629175305366516,-0.9831953048706055,1.078587532043457,-1.060058355331421,0.7585839033126831,-0.10768698900938034,-1.3780486583709717,0.11110298335552216,0.10434111207723618,1.4644392728805542,0.6238390207290649,0.07783644646406174,0.21791137754917145,-1.7838462591171265,0.6584305763244629,0.820503830909729,1.0250738859176636,-0.40574708580970764,-0.18393491208553314,1.2719001770019531,-2.190840005874634,0.1795336753129959,0.36830398440361023,-0.8077145218849182,-1.7990949153900146,1.1545242071151733,-0.058101750910282135,0.6422189474105835,0.2719818353652954,1.5303233861923218,0.29413390159606934,0.24425721168518066,-1.566424012184143,1.0361353158950806,-1.1312479972839355,0.3279365003108978,0.5874114632606506,-0.3054681420326233,0.692411482334137,1.093711495399475,0.03302481397986412,1.6005041599273682,0.5338094830513,0.6434286832809448,-1.0608896017074585,-0.7478449940681458,-0.4157004654407501,0.7672735452651978,0.34263086318969727
movielens100k.csv,1.0439622402191162,0.37928903102874756,0.160913348197937,-1.7775508165359497,-0.6629199385643005,1.449445366859436,-1.2639226913452148,0.07452945411205292,0.11116834729909897,-0.35732391476631165,0.15791139006614685,-0.29834333062171936,-0.28075048327445984,-0.26476579904556274,-1.5611568689346313,-0.6286253333091736,2.351022958755493,-0.20865605771541595,0.19031131267547607,-2.664541721343994,-0.6390262246131897,1.7236143350601196,1.3863182067871094,0.2944978177547455,-1.07560133934021,-0.124076709151268,-0.33221811056137085,-0.31227928400039673,-1.2538869380950928,0.8852695822715759,-0.5854040384292603,-0.47674307227134705,0.8584567308425903,-1.9621655941009521,0.3885846436023712,0.19302977621555328,-1.8413786888122559,-0.029623014852404594,-0.04891267046332359,1.033804178237915,-2.5640649795532227,0.6404920816421509,-0.6483210325241089,0.07659122347831726,-1.8680275678634644,0.10212279856204987,0.28220421075820923,-1.3093547821044922,1.2095836400985718,-1.0176994800567627,0.5228451490402222,-0.7899686694145203,-1.3412576913833618,1.2237837314605713,0.15417109429836273,0.8528810143470764,-0.2720972001552582,-0.14389567077159882,0.8346542119979858,-0.26008743047714233,0.10881754010915756,1.4353426694869995,-0.7420884370803833,-0.2139674723148346,-2.0267133712768555,-0.07333768159151077,1.335811972618103,1.1252158880233765,-1.3185861110687256,0.2848857045173645,0.035312581807374954,-1.6689373254776,-0.0446149967610836,0.3724227547645569,-1.5246689319610596,-1.1640582084655762,0.7685967683792114,-0.6776944994926453,0.10244029015302658,0.8389928340911865,-0.21803344786167145,0.8700448870658875,-1.4208009243011475,-1.5645179748535156,0.6589291095733643,-1.4150665998458862,0.331331729888916,-0.24905939400196075,-0.44774678349494934,0.8874940872192383,0.11704906076192856,1.5310558080673218,0.009792342782020569,-0.7344011068344116,0.40754759311676025,-0.40537741780281067,-0.04359358549118042,-1.3466556072235107,1.19777250289917,0.43241992592811584
amazon-home.csv,0.8697671890258789,-0.15058371424674988,1.3570009469985962,-1.3214699029922485,0.007462529931217432,-0.09385333210229874,-1.5176905393600464,0.48102158308029175,-0.6494938731193542,0.09055028855800629,0.03930696099996567,0.10733804106712341,0.020218217745423317,-0.39752015471458435,0.055428821593523026,-0.26585403084754944,0.7630523443222046,0.9137081503868103,0.35104143619537354,-0.7182645201683044,1.4437717199325562,-0.0424981564283371,2.151794910430908,-0.47796598076820374,-0.2771609425544739,0.5693899989128113,-0.7656505703926086,0.008276460692286491,-1.1986068487167358,0.6928396224975586,-0.2892597019672394,-0.20271962881088257,-0.22437164187431335,-2.4849512577056885,1.621917724609375,-2.1544363498687744,-0.08447431772947311,0.4047378897666931,1.1218147277832031,1.384103536605835,-1.9452762603759766,-0.03164982423186302,0.5479635000228882,0.1577291190624237,-0.5489273071289062,0.13845331966876984,2.054218292236328,-1.1913435459136963,1.8192023038864136,0.13279107213020325,-0.6190940737724304,-0.14239558577537537,-1.9837037324905396,0.512912392616272,-0.5476405024528503,0.04013921692967415,-0.3305365741252899,-1.8402668237686157,0.8451734781265259,-0.3328491449356079,0.7030603885650635,0.7926450371742249,-0.8925803303718567,-0.023982061073184013,-1.9165780544281006,-0.7711995840072632,2.011218786239624,0.12451867014169693,-1.8623120784759521,0.868211030960083,-0.7388272285461426,-0.7300243973731995,-0.5210906267166138,-0.4109228551387787,-2.9054977893829346,-1.417638897895813,0.9658063650131226,-0.9361655116081238,-0.06740552186965942,0.4007183909416199,0.5638847947120667,0.7088972330093384,-0.21190886199474335,-0.6084702014923096,-0.15297800302505493,-0.15331198275089264,0.9010728597640991,-0.8382390141487122,-0.7964942455291748,-0.9931542277336121,1.510338306427002,0.5103089213371277,1.1091547012329102,-0.26538899540901184,0.825507640838623,-0.7813974022865295,0.2791881263256073,0.3186223804950714,1.1821880340576172,1.172905445098877
amazon-tools.csv,0.2316172868013382,-0.25457486510276794,0.7771280407905579,-0.7633613348007202,-0.863778829574585,-0.30138087272644043,-1.4856669902801514,0.965164840221405,0.4456062316894531,-2.0261542797088623,-0.6480051875114441,1.3084219694137573,-1.0330559015274048,0.21647463738918304,-0.5017277598381042,-0.11639931052923203,0.7599557638168335,-0.4872240126132965,0.9015774130821228,-0.5698221325874329,1.9606441259384155,1.1210136413574219,2.1554906368255615,-1.2766213417053223,-0.7174524664878845,0.5655471682548523,-0.6978663206100464,0.3402552306652069,-1.6925952434539795,0.1444799304008484,-0.01591785065829754,-0.19986341893672943,0.03908044099807739,-2.9596989154815674,0.6522661447525024,-0.9637933969497681,-0.9314637780189514,0.2985329329967499,0.00843979325145483,0.6055624485015869,-2.0264720916748047,-0.40597978234291077,0.48570922017097473,0.2698688805103302,-0.8625308275222778,0.16074684262275696,0.9991375803947449,-0.31446123123168945,0.7781181335449219,0.1536465585231781,-0.5241127014160156,-0.7242722511291504,-1.537251353263855,1.2299388647079468,-0.7107871770858765,1.2078981399536133,-1.262141227722168,-0.8262324929237366,-0.28223469853401184,0.16677768528461456,1.2833447456359863,1.3641785383224487,-1.4627819061279297,0.8680956959724426,-2.3243069648742676,-1.0760902166366577,2.1810622215270996,0.6670867800712585,-0.05937330052256584,1.1386350393295288,-0.022466739639639854,-0.5527575016021729,-0.38813841342926025,-0.2987241744995117,-2.0642857551574707,-1.4801641702651978,0.7261141538619995,-1.2185758352279663,0.6067438721656799,0.31869176030158997,0.4455779194831848,0.5083339214324951,-0.39349862933158875,-1.0338422060012817,-0.09856303781270981,-0.09861450642347336,0.43478867411613464,-0.740775465965271,-0.09383516013622284,0.03401372954249382,-0.04571928083896637,0.15093830227851868,-0.125881165266037,0.21876205503940582,0.4791285991668701,-2.480242967605591,-0.47880885004997253,-0.90113365650177,1.4866561889648438,0.7490228414535522
amazon-food.csv,0.5424574613571167,-0.6351661086082458,1.0769224166870117,-2.04940128326416,-0.5132531523704529,-0.5415238738059998,-1.6928232908248901,0.386879026889801,0.3722563683986664,-1.1544549465179443,0.28387877345085144,1.9496086835861206,-1.482426643371582,-0.39971113204956055,-0.808444082736969,-0.43874427676200867,0.6570886373519897,0.10655687749385834,0.9151032567024231,-0.575982391834259,0.8244513273239136,-0.2878739833831787,1.4515622854232788,-1.3852676153182983,0.26365891098976135,0.1202615350484848,0.42310118675231934,0.6981757283210754,-0.8984962105751038,1.120695948600769,0.30115213990211487,-1.4405332803726196,-0.5899893641471863,-2.052863359451294,0.05681721866130829,-1.4384965896606445,-2.0642573833465576,0.3685992956161499,-0.0894106924533844,-0.01533527672290802,-1.97714364528656,-1.0227700471878052,0.6928372979164124,0.4654548168182373,-1.1803125143051147,0.26265475153923035,1.1311365365982056,-0.7468118071556091,1.2180312871932983,-0.34625041484832764,-0.9595265984535217,-0.28083351254463196,-1.1604677438735962,1.3234236240386963,-0.6480096578598022,1.3118326663970947,-1.0454415082931519,-0.6059008836746216,0.5092006921768188,-0.15164834260940552,0.44318410754203796,0.8114669919013977,-1.1237282752990723,1.5414458513259888,-1.9455441236495972,-0.9617815613746643,2.2761693000793457,0.6988294720649719,-1.0808095932006836,-0.41826286911964417,1.023043155670166,-0.8683966398239136,0.13122139871120453,-0.7747359275817871,-1.800392985343933,-2.4006142616271973,0.14942990243434906,-0.6915572285652161,-0.7077676653862,-0.5357191562652588,0.6971578001976013,0.10768058896064758,-0.4290434718132019,-1.3673702478408813,0.10524951666593552,-0.16037189960479736,0.511215329170227,-1.8255398273468018,0.19931857287883759,0.18076300621032715,0.5746666193008423,0.6230711340904236,-0.33065176010131836,-0.16207051277160645,0.6040119528770447,-0.524658203125,-0.5497851371765137,0.25347650051116943,1.5678315162658691,1.165135383605957
jester3.csv,0.48356226086616516,-0.347433865070343,-0.23912659287452698,-2.2082090377807617,-1.6187602281570435,1.068735957145691,-1.6826609373092651,0.5860581994056702,0.34027573466300964,-1.760027289390564,0.12678875029087067,0.7623463869094849,0.6368700265884399,0.9696923494338989,0.36155787110328674,0.2509148418903351,1.1203933954238892,-1.021677017211914,0.7308440208435059,-0.740147590637207,-0.48275989294052124,0.12459905445575714,0.6510010957717896,0.3721763789653778,-1.0519696474075317,-1.0146610736846924,-0.14254966378211975,0.2999686598777771,-0.9475789070129395,1.0144230127334595,-0.6064753532409668,-0.7054636478424072,-0.2432233691215515,-1.7962957620620728,0.4777182638645172,-2.276238203048706,-1.6892138719558716,-0.41711658239364624,-0.10070087015628815,-0.4429318904876709,-2.254390001296997,-0.726885199546814,0.10280448943376541,-0.6855000853538513,0.2716902196407318,0.6237574815750122,1.508414387702942,0.311322957277298,1.531505823135376,0.8186622262001038,-0.7972326874732971,0.4151574671268463,-0.6899470686912537,1.7336399555206299,0.4662071168422699,0.02310231328010559,0.28739219903945923,-0.13857311010360718,-0.09249328076839447,1.3780789375305176,1.4067084789276123,1.5254515409469604,-0.8251411318778992,0.15259094536304474,0.09051262587308884,0.09053551405668259,1.5304514169692993,0.14634688198566437,-1.3840526342391968,-0.08265441656112671,0.12615741789340973,-0.7792890071868896,-0.6811060905456543,-0.5266854763031006,-2.6965274810791016,-0.6812723875045776,1.6448400020599365,-1.4411449432373047,0.4017537832260132,1.1456149816513062,0.9178323149681091,0.6824822425842285,-0.06658633798360825,-2.2160069942474365,0.75400310754776,-1.7809348106384277,0.05286590754985809,-0.189841166138649,-0.08005249500274658,0.34848806262016296,0.40632277727127075,1.9878579378128052,0.5610948204994202,-0.10376963019371033,-0.07848222553730011,-1.7570804357528687,-0.5180230140686035,-0.12101065367460251,-0.09708266705274582,0.4225866496562958
