amazon-baby.csv,0.29961296916007996,-0.35000908374786377,-0.5596830248832703,-0.1982613205909729,0.6487452983856201,-0.10231097787618637,1.8124730587005615,1.0103660821914673,0.6870294213294983,-2.5543980598449707,-1.4039695262908936,-0.03591226786375046,-0.5484128594398499,0.05065706744790077,-0.14085134863853455,0.3241526782512665,1.7282403707504272,0.9015580415725708,2.002655029296875,1.489272952079773,-1.3118176460266113,-2.3590333461761475,-1.2142926454544067,-1.1294955015182495,0.9580205082893372,-0.5268410444259644,0.35940107703208923,0.6898009181022644,1.3200149536132812,0.3970143496990204,0.13323718309402466,0.52031409740448,1.7511619329452515,1.8988876342773438,0.19667820632457733,0.6996311545372009,0.08023133873939514,0.29434195160865784,0.02527778036892414,1.224906325340271,-1.6441758871078491,0.7177639007568359,-0.9785005450248718,0.772765040397644,1.3285038471221924,1.434389352798462,0.20708370208740234,-1.4336856603622437,-1.062548041343689,1.0836609601974487,-0.12615461647510529,0.2953197956085205,0.10485044121742249,-1.6416189670562744,0.9155134558677673,0.1226840615272522,-1.2867884635925293,-0.33929845690727234,-0.21561577916145325,-0.6185062527656555,-0.4261954426765442,-0.530690610408783,0.45055270195007324,1.3974440097808838,-0.6170086860656738,0.7811679244041443,0.25857529044151306,0.7588216066360474,1.2218554019927979,2.1036605834960938,1.4477111101150513,-0.2879962623119354,-0.4170207977294922,3.1220757961273193,-1.166548728942871,0.7183778285980225,-1.075667381286621,1.5265916585922241,-0.7779778242111206,-0.8446076512336731,-0.18932439386844635,-0.9881166815757751,0.28516826033592224,-0.3153063654899597,-0.11243200302124023,-0.5654368996620178,-1.9232726097106934,0.4636506140232086,1.0439372062683105,0.21182294189929962,0.2430444061756134,-0.27147483825683594,-1.2768722772598267,-0.3440929353237152,1.7264935970306396,-1.1866004467010498,-0.4468131959438324,-0.8062959909439087,-0.3703279197216034,0.799868106842041,-0.2932716906070709,0.41066431999206543,0.22249546647071838,-0.6509336233139038,1.5422941446304321,0.5942992568016052,0.3602291941642761,-0.6026400327682495,0.7989555597305298,-0.1469663679599762,1.8329508304595947,1.7239116430282593,0.35055696964263916,-1.3272709846496582,0.7191577553749084,-1.3683797121047974,-0.12105125188827515,0.4559438228607178,1.2988452911376953,-0.008686193265020847,-1.1134076118469238,0.7376198768615723,0.2024395614862442,-0.8583599925041199,1.034687876701355,0.8615837097167969,0.310754656791687,0.2641178369522095,-0.23069681227207184,0.00031395003315992653,-1.6237494945526123,-0.2905712127685547,-2.2916057109832764,-1.1754947900772095,0.49385854601860046,-0.19504061341285706,1.2817583084106445,-0.12754493951797485,-0.37523001432418823,0.11617553979158401,-1.1943494081497192,1.2611405849456787,-0.027020491659641266,-1.2529643774032593,1.10226309299469,-0.390553742647171,-1.864267349243164,-0.27575236558914185,-0.22986851632595062,0.3840421140193939,-1.425262212753296,0.8705820441246033,-0.8013639450073242,-0.031537242233753204,-0.4216397702693939,-0.6338469386100769,1.9618923664093018,0.08465994149446487,0.4175671935081482,0.319582462310791,-1.334615707397461,0.9112851619720459,1.527833104133606,-0.3249856233596802,1.010280728340149,-0.9714621901512146,0.7391254305839539,-1.111162781715393,-1.1963236331939697,0.001130869728513062,1.877604365348816,-0.1731758564710617,-0.4938281774520874,0.11794105172157288,-0.6240003108978271,-1.0860830545425415,-1.0523053407669067,-0.6480840444564819,-0.9144826531410217,1.9933727979660034,-0.21122978627681732,1.0205082893371582,-0.013101691380143166,-1.1180652379989624,0.5391784310340881,1.9154647588729858,0.5799172520637512,-0.4443667232990265,-0.8125905990600586,-0.5871912240982056,0.8617255091667175,1.20171320438385,1.0470852851867676,-1.0593390464782715,-1.589666485786438,1.25113046169281,0.3495052456855774,-0.494965136051178,-0.6580984592437744,-0.25378599762916565
amazon-instant-video.csv,0.19682453572750092,0.5548802614212036,-0.1619427353143692,-0.16464968025684357,0.19501326978206635,0.4858667254447937,1.9598031044006348,0.17565999925136566,0.0933489128947258,-2.469187021255493,-0.4179918169975281,0.03981514647603035,-1.0396336317062378,-0.9471179842948914,-0.21673256158828735,0.28931450843811035,-0.012299747206270695,0.6492267847061157,0.5319487452507019,0.9472289085388184,-0.33895739912986755,-0.9301601052284241,-0.6365102529525757,-0.6021326780319214,0.8258368968963623,-1.7852506637573242,1.2113595008850098,0.5715862512588501,0.39781033992767334,0.2837908864021301,1.906284213066101,1.132674217224121,1.3274941444396973,0.5070186853408813,0.9323716759681702,0.42629241943359375,0.018982501700520515,-0.4840535521507263,-0.721320629119873,1.165794014930725,-0.1617872416973114,0.4653642773628235,-1.0782079696655273,0.2829957902431488,0.7003492116928101,0.9708182215690613,0.4476173222064972,-0.09738121926784515,0.3653026819229126,0.7606600522994995,-0.43541231751441956,0.6522791385650635,-1.3550809621810913,-1.1791439056396484,-0.34221628308296204,0.8562504649162292,0.4080771505832672,0.373005211353302,0.7540664076805115,0.2384110689163208,-0.2654111087322235,-0.71564781665802,1.269783854484558,1.9274687767028809,-0.8495635986328125,-0.019678443670272827,1.9026776552200317,0.23736977577209473,0.369416207075119,0.7188031673431396,1.2772064208984375,-0.28428441286087036,0.12638594210147858,0.7369282245635986,-0.3095738887786865,1.3819764852523804,-0.7584108710289001,0.340802401304245,-1.529070258140564,-1.0144997835159302,0.28818386793136597,0.9935442209243774,0.9664884209632874,-1.0236625671386719,0.024901283904910088,-1.608128309249878,-2.783460855484009,0.5833607316017151,0.22819416224956512,-0.4593886733055115,-0.34433096647262573,0.6378333568572998,-0.9500308036804199,0.6038610339164734,1.6799640655517578,-2.2331626415252686,0.38133785128593445,-0.8542497754096985,-0.1460026353597641,-1.1714975833892822,1.818329095840454,-1.0722250938415527,-0.9963207840919495,0.10233289748430252,1.1880983114242554,0.9349543452262878,-0.1418505311012268,0.10273440927267075,1.6704614162445068,0.5326573252677917,0.7515398263931274,2.1914024353027344,1.7509733438491821,-1.8731560707092285,1.0078703165054321,-0.986976146697998,0.14953070878982544,1.0666825771331787,0.8124539852142334,0.052196353673934937,0.6294035911560059,2.212756633758545,-0.10239621251821518,-2.4877939224243164,1.0989850759506226,-0.44471466541290283,-0.4275386929512024,1.8518632650375366,0.5400598049163818,-0.3275372385978699,-1.1069176197052002,-0.023601630702614784,-1.23697030544281,-0.6609266996383667,1.1095830202102661,0.06605102866888046,0.8950338363647461,0.24998372793197632,0.5705798864364624,-0.01558653637766838,1.2438099384307861,-0.011802560649812222,0.10631338506937027,0.4807667136192322,0.603827178478241,-0.38762784004211426,-0.6050422191619873,0.4692554771900177,-0.8920692205429077,0.4665205478668213,-2.2833261489868164,1.7228193283081055,0.493550568819046,-0.676587700843811,0.01388714462518692,0.5566604137420654,2.5422282218933105,1.5495625734329224,0.043178483843803406,-0.2834709882736206,0.0842127874493599,0.11138235032558441,0.9632510542869568,-1.5634363889694214,-0.11196766048669815,-1.4354846477508545,0.6464164853096008,-1.363637924194336,-1.3412984609603882,-0.9960967898368835,1.5934735536575317,-0.6621218323707581,1.7196096181869507,-0.5938321948051453,-0.2905733585357666,0.15996220707893372,1.2809710502624512,-0.16177840530872345,-0.704576313495636,2.0993683338165283,0.42410027980804443,0.7618507742881775,1.872617244720459,0.12081430107355118,-0.562391996383667,0.4027448892593384,0.6190879344940186,-1.8537575006484985,0.1036674827337265,-0.7749851942062378,0.42923012375831604,1.2158548831939697,2.022801399230957,-0.6202937364578247,-1.0614993572235107,0.24308407306671143,-0.10033171623945236,-0.12525489926338196,-0.43661683797836304,-1.2966506481170654
tripadvisor.csv,0.13400091230869293,-0.3961058259010315,0.568422794342041,0.4285532534122467,0.5923527479171753,1.832063913345337,3.034761428833008,-0.14824998378753662,-0.4586479365825653,-1.6502565145492554,-1.0972646474838257,-1.8299226760864258,2.195188522338867,0.30895936489105225,-0.07881058752536774,-0.17997430264949799,0.781721293926239,-0.14947983622550964,1.6993621587753296,1.5121022462844849,-0.15033084154129028,-2.3204081058502197,-0.2220337837934494,0.1726495325565338,1.18065345287323,-0.07748492062091827,0.8489097952842712,1.0350086688995361,0.8616551756858826,-0.5853814482688904,0.27480781078338623,-0.33432021737098694,1.725871205329895,1.1508678197860718,1.1111727952957153,0.7113469243049622,1.6033580303192139,-0.41333651542663574,0.39020466804504395,1.760939359664917,-0.9851762056350708,0.4253915548324585,-2.2872581481933594,-0.004563552793115377,-0.7026532888412476,0.5014745593070984,-0.38379719853401184,-1.5226030349731445,-0.4357486069202423,0.6434512138366699,0.08387786895036697,-0.4238321781158447,-0.17463527619838715,-1.3926056623458862,0.16024836897850037,0.5311518907546997,-0.3933396637439728,-0.2056937962770462,-0.04575428366661072,-0.5061867833137512,-0.38084545731544495,0.648223876953125,0.17404550313949585,1.5384413003921509,-1.1419340372085571,0.7900930047035217,1.5698864459991455,0.5780397057533264,0.5229882001876831,2.1293647289276123,0.09138469398021698,0.6156031489372253,0.02015022374689579,2.603502035140991,-0.6479560136795044,1.0303622484207153,-1.6836936473846436,0.5845235586166382,-1.6881664991378784,-1.1611137390136719,-0.6251005530357361,-0.13594450056552887,0.7884616851806641,0.20518968999385834,1.4673051834106445,0.027204755693674088,-0.8993921279907227,-0.7333328723907471,0.7938895225524902,0.05558997392654419,-0.9810572266578674,0.6234688758850098,-1.108341932296753,-0.4209592342376709,1.6613266468048096,-1.5078526735305786,-0.43316614627838135,0.5402451157569885,-0.07430631667375565,0.8593111038208008,-0.567436158657074,0.9713097810745239,-0.25236776471138,-0.7549636363983154,1.9147779941558838,1.3023614883422852,-0.03754182159900665,-0.5177571773529053,0.9940035343170166,-0.5520194172859192,0.8522660136222839,0.4143018126487732,1.567711353302002,-1.2245904207229614,-0.38747677206993103,-0.4784209430217743,-0.6957951188087463,-1.3589932918548584,0.5478017926216125,-0.21973121166229248,-1.4716441631317139,0.8003681302070618,-0.9738177061080933,-1.3665757179260254,1.4496865272521973,1.1486042737960815,-0.3772600591182709,0.7769253849983215,-0.9321773052215576,-0.40887650847435,0.18310344219207764,0.026669403538107872,-1.6420972347259521,-0.24232225120067596,1.5231153964996338,-1.5967130661010742,0.019366683438420296,0.3277043104171753,0.29482898116111755,0.16655123233795166,-0.9833650588989258,-0.03839912265539169,0.48866716027259827,-0.7361915707588196,1.759598970413208,-0.3318069875240326,-1.577095866203308,-0.333621084690094,-0.6404109001159668,-1.3118542432785034,-2.1541385650634766,1.3738476037979126,-0.4771663546562195,1.1630643606185913,-0.4710291922092438,-1.4350628852844238,1.5571633577346802,0.13699890673160553,-0.22388489544391632,0.10217282921075821,-0.19130145013332367,0.7017002105712891,0.16052491962909698,0.5235246419906616,0.9987240433692932,-1.4561911821365356,0.03018975630402565,-1.029446005821228,-1.6278749704360962,0.670969545841217,0.0448283888399601,-0.3184618055820465,-1.2271392345428467,0.04355418309569359,0.11165549606084824,-0.8152025938034058,0.000776682049036026,-1.194946527481079,-0.6898744106292725,1.3740898370742798,0.5849316120147705,0.26337987184524536,-0.386058509349823,-0.49734383821487427,0.7188000082969666,-0.12555697560310364,-0.8287781476974487,1.1191078424453735,-0.8729039430618286,-0.0018135809805244207,1.358819603919983,2.0893356800079346,1.853583574295044,-0.3440442979335785,-0.407697856426239,1.255478858947754,1.3328014612197876,-0.5944213271141052,0.3644307553768158,-0.5133520364761353
amazon-sports.csv,-0.058079298585653305,0.36397138237953186,0.21461060643196106,0.34155169129371643,-0.40358319878578186,1.0828237533569336,1.7955914735794067,0.5578285455703735,0.4556924104690552,-2.573611259460449,-0.34705328941345215,-0.688367486000061,1.0925043821334839,0.6514634490013123,0.6820768117904663,-0.6619549989700317,-0.14790821075439453,0.021566959097981453,1.5388638973236084,1.5271261930465698,-0.401247501373291,-1.6044228076934814,-0.21976198256015778,-0.35523536801338196,0.06405046582221985,-0.2454819232225418,1.4567595720291138,1.6442028284072876,1.1073623895645142,0.24269722402095795,0.43703776597976685,0.27935904264450073,1.3878916501998901,0.32217544317245483,0.9449920058250427,0.4295143783092499,0.48309600353240967,0.459883451461792,-1.2198379039764404,2.1061272621154785,-1.1282142400741577,0.18345144391059875,-1.0319937467575073,0.4165197014808655,-0.32749122381210327,0.06870479136705399,-0.509845495223999,-0.5489590167999268,1.0349825620651245,1.8926103115081787,0.42474308609962463,-0.6828075647354126,-0.9535939693450928,-1.269821286201477,0.7039806246757507,0.6213123798370361,-1.4746756553649902,-1.2049529552459717,-0.40795058012008667,-1.4692068099975586,-0.3589886426925659,-0.86343914270401,0.9206223487854004,2.4232566356658936,-0.9283052086830139,0.7741358280181885,1.4053019285202026,0.5946906805038452,1.3736073970794678,1.6396546363830566,1.0081199407577515,0.8464407324790955,-1.0273994207382202,1.058990240097046,0.9895235896110535,0.7283596396446228,-1.4030258655548096,1.1047592163085938,-1.0153042078018188,-1.4756591320037842,-1.2301757335662842,-0.019914356991648674,0.8428977131843567,-0.7634062170982361,0.517261266708374,-0.21960552036762238,-2.000950574874878,-0.04588283598423004,-0.411021888256073,0.6616600751876831,-0.6481440663337708,0.3192371129989624,-1.659106731414795,-0.3375519812107086,0.5735702514648438,-0.9942609667778015,0.344051718711853,-0.41189679503440857,0.40107080340385437,0.9378608465194702,-0.4810536205768585,0.10701403766870499,-0.5909807682037354,0.1315319687128067,1.5739643573760986,2.0192270278930664,0.5561656951904297,-0.47721144556999207,1.8850246667861938,-0.9602034091949463,0.9039843082427979,1.617194652557373,1.3776280879974365,-2.373319149017334,-0.8411411643028259,-1.5158593654632568,-0.5558911561965942,1.0133970975875854,0.8604037761688232,0.04443356394767761,-0.4808718264102936,0.5125646591186523,-0.14633731544017792,-0.8905185461044312,1.038228988647461,0.9022200107574463,-0.2846324145793915,0.9136099219322205,-0.9609540700912476,-0.4201257526874542,-0.7937732934951782,-0.07470385730266571,-1.2663288116455078,-0.5800440311431885,0.8020931482315063,-1.500780701637268,0.7496911287307739,-0.5093697905540466,0.8292889595031738,-0.20986738801002502,-0.28478869795799255,-0.2822991609573364,0.057485431432724,-0.24849481880664825,1.3021857738494873,-0.6241567134857178,-0.7394996285438538,-0.02032977156341076,-1.1677541732788086,-0.16092614829540253,-1.990595817565918,-0.35519832372665405,-0.6705475449562073,0.7199999094009399,0.7200560569763184,-1.233904242515564,2.3528316020965576,0.6348841190338135,0.05449174717068672,-0.4820106029510498,-1.5544428825378418,1.1172701120376587,0.8707800507545471,0.16868853569030762,0.6159937977790833,-1.9047914743423462,1.286582589149475,-1.8992997407913208,-2.9697532653808594,0.1544989049434662,-0.2797962427139282,-0.466657817363739,-0.6662927269935608,-0.5180980563163757,0.4011928141117096,-0.18581244349479675,0.8439327478408813,-0.058868031948804855,-0.6352248191833496,2.1082282066345215,0.537118673324585,-0.00955350510776043,0.2479482889175415,-0.4711458683013916,0.07671754062175751,-0.4929017126560211,-0.7279760837554932,-0.18695984780788422,-0.6975874304771423,0.42356419563293457,1.1665375232696533,1.2482988834381104,1.883139967918396,-0.9224473834037781,0.6059628129005432,1.1823084354400635,0.8718698024749756,-0.5020462274551392,-0.1757154017686844,-1.5557464361190796
amazon-phones.csv,2.213991641998291,-0.49676281213760376,0.988519012928009,-0.8600148558616638,0.7493886947631836,0.7393264770507812,1.6006286144256592,1.1128995418548584,0.6454572081565857,-3.0640714168548584,-2.162587881088257,0.3429446220397949,0.7496256828308105,0.19424836337566376,0.23308707773685455,-0.9061431884765625,0.9399341940879822,0.5173972249031067,2.227971076965332,0.5726107358932495,-0.9048441648483276,-1.1101884841918945,-0.14531517028808594,0.49791839718818665,0.19505256414413452,-0.2821459174156189,0.8943312764167786,0.9141844511032104,1.373805046081543,0.6170295476913452,0.21448199450969696,0.08660289645195007,0.818481981754303,1.2762107849121094,0.8300548791885376,1.1422699689865112,0.11616399139165878,0.47986093163490295,-0.26271650195121765,0.38306158781051636,-1.6203019618988037,1.8102781772613525,-2.4541356563568115,0.947989284992218,0.6921958327293396,0.9938545227050781,0.25923165678977966,-0.6274504661560059,-0.7108316421508789,0.7338575720787048,-1.546653389930725,-0.34709054231643677,-0.3697616457939148,-1.7630118131637573,-0.9853989481925964,1.077042579650879,-1.4762221574783325,0.49651095271110535,-0.45861759781837463,-0.8435447216033936,-0.6421894431114197,-0.6624869108200073,0.5472683310508728,0.6783015727996826,-0.5577778816223145,0.2567715048789978,0.47148698568344116,1.20607590675354,-0.3758666515350342,0.5663015246391296,0.9405912756919861,-1.100760579109192,-1.2142006158828735,0.8020995259284973,-0.879796028137207,1.1007262468338013,-0.25197628140449524,-1.044615387916565,-0.30002886056900024,-1.6105479001998901,-0.37615546584129333,0.09565680474042892,1.4968698024749756,-1.6903663873672485,-0.5697707533836365,-0.16600295901298523,-1.7127690315246582,1.9175786972045898,0.38264262676239014,1.0224621295928955,-1.0041455030441284,-0.7435480952262878,-0.15358762443065643,-0.17597196996212006,1.8138072490692139,-2.102125644683838,-0.4342234432697296,-0.6798781156539917,0.1433587670326233,1.2119293212890625,-0.510589599609375,0.2892470061779022,-0.742478609085083,-1.0264538526535034,2.2132511138916016,0.9030781388282776,0.15030787885189056,-0.2885773181915283,2.0507540702819824,-1.4244884252548218,1.2712500095367432,1.5692218542099,0.42225414514541626,-0.8894314765930176,1.0279371738433838,-0.34371140599250793,-0.2967464029788971,-0.4626752436161041,-0.093277707695961,0.8714074492454529,-0.6377525329589844,0.4521150588989258,-0.3022085726261139,-1.558290719985962,1.767063021659851,0.3002409338951111,-0.16066080331802368,0.15381236374378204,-1.1788595914840698,-1.067654013633728,0.5209649205207825,-0.5579867959022522,-0.31523144245147705,-2.306391477584839,-0.09313954412937164,-0.43948060274124146,-0.3867587745189667,-0.7469680905342102,-0.23831994831562042,0.8877167105674744,-0.0026505368296056986,1.2468219995498657,-0.1589667946100235,-0.2629539668560028,0.08905590325593948,-0.5111909508705139,-0.2220691442489624,0.4712240397930145,-0.35201388597488403,-0.3682369589805603,-1.8063976764678955,1.0779860019683838,-0.4672051668167114,-0.8150225281715393,-0.37031322717666626,-0.9296830296516418,1.4504190683364868,-0.20002689957618713,0.3514399826526642,0.15032842755317688,-1.6684974431991577,0.5366874933242798,0.7119665145874023,-0.10790806263685226,1.1701273918151855,0.0491676889359951,0.47079554200172424,-0.15772101283073425,-0.48494330048561096,-0.39882782101631165,1.6713762283325195,0.06902489811182022,-0.9056648015975952,0.5383708477020264,0.3715904951095581,-0.08037491142749786,-0.5966292023658752,0.009051183238625526,-2.4266834259033203,2.396927833557129,0.4682648777961731,1.6733999252319336,-0.7457406520843506,-1.156707525253296,0.9464675188064575,0.8252206444740295,0.7486319541931152,-0.9023553729057312,-1.8054213523864746,-0.44831371307373047,-0.038735032081604004,0.8710952401161194,0.4679148197174072,-1.3433221578598022,-0.4221922755241394,1.3689919710159302,0.3392220437526703,-1.1076438426971436,0.49045807123184204,-0.28860732913017273
yelp.csv,0.670197606086731,0.025419747456908226,-0.03785998001694679,-1.6027381420135498,1.079073429107666,-0.2907845973968506,3.2733211517333984,0.5020579695701599,-0.2352987825870514,-0.5352046489715576,-0.9589270949363708,-0.05873202532529831,0.41521841287612915,0.46625959873199463,0.0794839933514595,-1.157757043838501,-0.30093446373939514,1.0659576654434204,1.6267341375350952,0.28649991750717163,-1.3483246564865112,-0.8494935035705566,1.0808348655700684,-0.9877814650535583,-0.5691070556640625,0.501239001750946,0.6323861479759216,1.3455830812454224,0.41413363814353943,1.615604043006897,-0.06464836001396179,0.7352206110954285,1.0743882656097412,0.3601329028606415,0.6973536014556885,0.20508822798728943,0.8464349508285522,-0.08659135550260544,-1.1730204820632935,0.9222729802131653,0.40703606605529785,-0.35054463148117065,-1.3287791013717651,1.1277786493301392,0.2301492691040039,0.8914626240730286,0.5068678855895996,-0.5290008187294006,-0.8950202465057373,1.6490291357040405,-1.0089045763015747,-0.2634933888912201,0.4220081865787506,-2.431483745574951,-0.8912299871444702,-0.09429105371236801,-1.2962692975997925,-0.17712551355361938,0.1903706192970276,-0.17237938940525055,0.36386826634407043,-1.554656982421875,-0.6696939468383789,1.7610288858413696,-0.010822824202477932,-0.29126572608947754,1.2558876276016235,-0.3501763343811035,0.6916149854660034,0.72886723279953,0.8401674032211304,0.0035514256451278925,-0.10684129595756531,1.74846351146698,-0.364851176738739,1.9289747476577759,-0.856961727142334,0.6800066828727722,-1.3767539262771606,-1.606934666633606,0.26532983779907227,-0.7664167284965515,0.8439927697181702,-0.5089032649993896,-0.40182164311408997,-1.446297526359558,-0.29943743348121643,-0.013061728328466415,-0.3299315273761749,0.48431214690208435,-0.5479917526245117,-0.755869448184967,-1.9991668462753296,0.7004456520080566,1.8869293928146362,-2.0354740619659424,-0.4707132577896118,0.29390236735343933,1.4340461492538452,-0.4627540409564972,0.39380306005477905,0.08399096876382828,0.05244137719273567,-0.58517986536026,1.033166527748108,1.5383986234664917,0.13774588704109192,-0.6246358752250671,0.8099519610404968,-1.3291821479797363,1.777479648590088,1.14822518825531,1.7490216493606567,-0.7702564597129822,1.352468490600586,-0.06866202503442764,0.4615788757801056,0.5287764668464661,-0.20461836457252502,2.4649462699890137,-0.08721132576465607,0.08576656877994537,0.09300034493207932,-0.46763673424720764,1.340823769569397,1.7206605672836304,-0.33699703216552734,0.9009755849838257,0.889664888381958,-0.17010678350925446,-1.4331862926483154,-0.4630303382873535,-0.8306831121444702,-0.6739481687545776,0.4283057749271393,0.4859238862991333,-0.34504538774490356,-0.8519766330718994,0.7883210182189941,1.5345155000686646,1.2139676809310913,0.4646928906440735,-0.840173602104187,-1.0538585186004639,-0.1281892955303192,0.35935088992118835,-2.074483633041382,-0.04887797683477402,-1.2018673419952393,-0.271203875541687,-2.167522430419922,0.5287172198295593,-0.38265034556388855,-0.07170214504003525,-0.6947756409645081,-1.6113585233688354,1.6524747610092163,0.7173758745193481,0.9905534386634827,2.045366048812866,-1.5383590459823608,-0.33986765146255493,0.7038331627845764,0.7889739274978638,0.757116973400116,-0.663440465927124,1.6601821184158325,-0.5922297239303589,-0.47875598073005676,-0.6909033060073853,0.3510531187057495,0.42271462082862854,-0.4748488664627075,0.3036917746067047,0.531792163848877,0.6268177032470703,-0.9518187642097473,-1.4119834899902344,-0.7703555822372437,1.365516185760498,0.25233495235443115,1.1976982355117798,0.0658382698893547,-2.5459351539611816,-0.2907414734363556,0.6152352690696716,0.4640811085700989,-0.37493544816970825,-0.17163367569446564,-0.8559384346008301,-0.10788635909557343,1.778664469718933,1.4394447803497314,0.3542024791240692,0.10707312077283859,1.9850850105285645,0.009272477589547634,-0.3829343020915985,-0.14603586494922638,-2.031499147415161
movielens_latest.csv,0.5161152482032776,-0.09495938569307327,0.14954885840415955,0.34043100476264954,1.8109630346298218,-0.02951083332300186,0.5668188333511353,0.8224020600318909,-1.0976382493972778,-1.0355026721954346,-0.7678455114364624,1.1290873289108276,-0.7399488687515259,-0.40562742948532104,0.13573269546031952,-0.20077063143253326,1.0756702423095703,1.9137433767318726,0.63114994764328,1.7286673784255981,-1.0330802202224731,0.03613179177045822,1.129534363746643,-1.4269899129867554,1.2098015546798706,-0.7230764627456665,-0.2604478597640991,-0.46540626883506775,0.25531095266342163,0.4865265190601349,-1.050593376159668,0.07436664402484894,1.9196743965148926,-0.9015690684318542,0.5817967653274536,0.08856787532567978,-0.8275479674339294,1.825862169265747,0.010481826029717922,0.6290361285209656,-0.10669931024312973,-1.4539463520050049,-0.6949949860572815,-0.4062594771385193,0.7194044589996338,-0.12946274876594543,1.8576147556304932,-0.5378546714782715,-0.28900086879730225,0.8187751770019531,-2.092322826385498,0.8636690378189087,1.0307714939117432,-1.9617623090744019,0.9165566563606262,-0.25876837968826294,-0.645331621170044,-1.4071043729782104,0.05849791318178177,0.3717461824417114,-0.6828926205635071,-0.3172731399536133,0.21736569702625275,1.973247766494751,-0.9829441905021667,-0.014871887862682343,0.029509495943784714,0.9683186411857605,1.7078644037246704,2.6169867515563965,0.47626298666000366,0.05470731109380722,-0.47298645973205566,2.137000799179077,-0.401994526386261,0.8243646025657654,-1.1740399599075317,0.576432466506958,-1.4072421789169312,-1.4238802194595337,0.23043061792850494,0.44864529371261597,1.5663809776306152,-0.9983991384506226,-0.05729606747627258,0.3367295563220978,-1.9250651597976685,0.6673957705497742,-0.5673890709877014,-0.9140352010726929,1.1099637746810913,1.1502940654754639,-0.49794983863830566,0.7976315021514893,0.5564313530921936,0.4866335391998291,-2.079455852508545,0.3788893520832062,0.4319477081298828,2.2789418697357178,-0.3386862576007843,-0.49136078357696533,-1.3700724840164185,-0.07437975704669952,0.33904513716697693,0.5121281147003174,0.07209879904985428,0.3384265601634979,1.414078712463379,-2.7154366970062256,1.2673437595367432,0.8419293761253357,-0.5023991465568542,-1.4990772008895874,-0.3874576985836029,-1.4133453369140625,-0.5458231568336487,-0.5022494196891785,0.3612346351146698,0.7149542570114136,-0.38284215331077576,0.7560780048370361,0.3664945662021637,0.12537580728530884,1.9241933822631836,-0.5538442134857178,-0.08267901837825775,0.9117946028709412,0.3385187089443207,-1.5827908515930176,-1.6556411981582642,-1.4574223756790161,-1.2998733520507812,-2.107703924179077,0.5428240895271301,0.10884885489940643,0.44725674390792847,0.3523251712322235,-0.242295503616333,-1.1031845808029175,-0.4313514530658722,1.1138460636138916,-0.7970300316810608,-0.6439294815063477,-0.4885161817073822,-1.4938113689422607,-1.875762939453125,-1.3542503118515015,0.6435911655426025,-0.12841475009918213,-2.563859701156616,0.5284246206283569,1.4368938207626343,-0.28895315527915955,-0.13624924421310425,0.39952120184898376,0.38641664385795593,0.7643753290176392,1.0722073316574097,0.008625712245702744,-1.919693946838379,-0.6496705412864685,-0.08242546766996384,-1.1303808689117432,-0.5848047137260437,-0.4890482425689697,-0.9556704163551331,-1.086935043334961,-1.4017395973205566,-1.0228791236877441,0.06581299751996994,-0.4278762936592102,0.0474373996257782,-0.09978636354207993,0.42174914479255676,-0.910652756690979,-1.3937559127807617,-0.9621163606643677,-0.8182939291000366,0.9003496766090393,0.436790406703949,0.8195902705192566,-0.6622238755226135,0.1671079844236374,0.5355334877967834,0.15980331599712372,0.8535448908805847,-0.45548519492149353,-0.34125834703445435,0.9398921728134155,0.34495410323143005,1.0771424770355225,1.2540842294692993,0.2545715868473053,-1.7467730045318604,0.14393387734889984,0.6640737652778625,-1.5990303754806519,-0.4625566005706787,0.39829665422439575
amazon-cd.csv,0.3862307667732239,0.15777349472045898,0.8135750889778137,-0.09779766201972961,0.22913961112499237,1.5992766618728638,3.2095015048980713,0.9018028378486633,0.3658120632171631,-2.0011658668518066,-1.3891074657440186,-1.429511308670044,1.286281704902649,0.024217234924435616,2.1170270442962646,-0.9255099296569824,-0.6066478490829468,0.12116305530071259,1.25521719455719,-0.2683562636375427,-0.5825221538543701,-0.0400538332760334,-0.7943081855773926,0.11199899762868881,0.5969904661178589,0.19299279153347015,0.8772872686386108,0.5519189238548279,0.2964898943901062,0.3808991312980652,-0.16086842119693756,0.07605373114347458,1.5183525085449219,0.8355444669723511,1.400457739830017,0.13513390719890594,0.4478631019592285,-0.24709665775299072,0.12529563903808594,1.0127063989639282,-0.2768232524394989,0.3293939530849457,-1.9356616735458374,-0.7160201072692871,0.23953275382518768,-0.43546226620674133,0.11938752979040146,-1.2858731746673584,-0.37396058440208435,2.2881293296813965,-0.8216806054115295,-0.6069809794425964,-1.3056985139846802,-1.5128960609436035,-0.09864045679569244,0.7439322471618652,-0.8245202302932739,-0.2489626109600067,0.01973443105816841,-0.9132225513458252,-0.44507262110710144,-1.0144922733306885,0.37147998809814453,1.8922463655471802,-1.3263880014419556,-0.3402082622051239,0.9882811903953552,0.48675334453582764,1.3363183736801147,0.9197586178779602,2.220205545425415,-0.01978970132768154,-1.1460798978805542,0.6893840432167053,-0.7408398985862732,1.1082520484924316,-1.4506946802139282,1.1767046451568604,-1.4166038036346436,-0.4233623445034027,-0.9659669995307922,0.21611736714839935,2.215737819671631,-0.4110834002494812,0.3545907139778137,0.009504299610853195,-2.252554178237915,1.017006754875183,-0.9580187201499939,-0.19587212800979614,-0.5265675783157349,-0.5595459938049316,-1.4926939010620117,-0.4423679709434509,2.457954168319702,-1.4154016971588135,-0.5524778962135315,0.3712615370750427,0.35635221004486084,0.6179537177085876,0.1418069303035736,-0.5255767107009888,-0.09345421195030212,-0.3506254553794861,0.8447234630584717,1.8929692506790161,0.24097314476966858,0.456294983625412,2.090667247772217,-0.9788797497749329,0.7361240386962891,1.6968082189559937,0.2576408088207245,-1.7888630628585815,0.15566149353981018,-0.21117286384105682,-0.2406662106513977,-0.051613304764032364,0.14417539536952972,0.607555627822876,-1.2117844820022583,0.7047239542007446,-0.7351213693618774,-1.6151149272918701,1.556854486465454,0.09860104322433472,0.01962471939623356,1.2868086099624634,-0.8921400904655457,0.0992758497595787,0.21785762906074524,-1.270997405052185,-0.524081826210022,-0.9545695781707764,0.7069255709648132,-1.1243786811828613,0.04634175822138786,-1.295439600944519,1.0088248252868652,0.08316231518983841,0.0075956545770168304,0.6338497996330261,-0.5485867857933044,-0.8806928992271423,0.4092440903186798,-0.033006198704242706,-1.5378235578536987,-0.7345908880233765,-0.5308439135551453,-0.9622769355773926,-1.6726688146591187,0.872332751750946,0.05467423051595688,0.8303849101066589,-0.5184616446495056,-0.1205947995185852,1.2790465354919434,1.2915066480636597,0.7673373818397522,0.38981735706329346,-1.537484884262085,0.39547035098075867,0.36737245321273804,0.6977223753929138,1.5905948877334595,-1.2310209274291992,1.4656178951263428,-1.2980695962905884,-1.3864936828613281,-1.352198600769043,1.4255430698394775,-0.19792354106903076,-0.28484153747558594,0.6768094897270203,-0.35842159390449524,0.48548826575279236,-0.5587105751037598,-0.08131987601518631,-0.0795418992638588,2.4651973247528076,0.5470790266990662,0.5542640686035156,-0.1760193556547165,-1.0032676458358765,0.5530844330787659,-0.21222850680351257,-0.19381660223007202,0.4432651996612549,-0.6450827121734619,-0.9626730680465698,0.7232815027236938,1.4472872018814087,2.0519683361053467,-0.7459378838539124,-0.8849654793739319,2.091559648513794,0.1790553331375122,0.5693941712379456,0.3472163677215576,-0.59284508228302
amazon-kindle.csv,1.5284206867218018,-0.9980065226554871,-0.18628498911857605,-1.197882056236267,-0.5962249636650085,-0.1102546826004982,1.2094992399215698,1.1728315353393555,-0.03414872661232948,-1.9626121520996094,-2.5036873817443848,-1.3224430084228516,1.5775604248046875,0.880982518196106,1.1243542432785034,-0.8756718039512634,0.06909362226724625,2.197294235229492,1.1629770994186401,1.2963602542877197,-1.464033842086792,-0.8822252154350281,0.537019670009613,0.9210057258605957,0.6722437739372253,1.1544363498687744,0.6622844338417053,-0.8531469106674194,1.282782793045044,0.5856142044067383,0.732832670211792,0.16506168246269226,0.3891211450099945,-0.7400445342063904,0.48916715383529663,1.2468398809432983,0.9393854141235352,-0.714229166507721,-0.38805875182151794,0.7631247639656067,-1.1404374837875366,0.41217562556266785,-2.3593385219573975,0.4704016149044037,-0.08841197192668915,-0.06287268549203873,0.21177220344543457,-1.9654510021209717,-1.4495991468429565,0.6512029767036438,-1.3533070087432861,-0.5660956501960754,-0.7392001748085022,-0.16847865283489227,0.2139601856470108,0.4193118214607239,-0.5910912752151489,0.5993474125862122,-0.49006152153015137,-0.8284934759140015,-0.4475363492965698,-0.6371054649353027,0.5157667398452759,0.6964240670204163,-1.650646448135376,0.7179580926895142,0.010970300063490868,0.16950668394565582,0.5126813650131226,0.872317910194397,0.2570626139640808,-0.31666767597198486,-0.7733874320983887,0.25130200386047363,-0.5334166884422302,-0.8988708853721619,-0.8935332894325256,-0.8271075487136841,0.591327965259552,-1.3173253536224365,-0.7557905912399292,-0.2682242691516876,1.0012305974960327,-0.12944987416267395,-0.4446467161178589,-0.13064076006412506,-1.4874792098999023,1.9331204891204834,0.21312746405601501,1.6857577562332153,-0.9306303262710571,-0.47154712677001953,-0.6595956087112427,-0.054496508091688156,0.837765634059906,-1.2863818407058716,-0.3921236991882324,0.030045736581087112,0.45360317826271057,-1.0595147609710693,-0.6887468099594116,0.08896844834089279,0.7929851412773132,-1.4339536428451538,0.2910337746143341,0.34990137815475464,-0.3938341736793518,0.7093769907951355,1.520973563194275,-1.6802538633346558,0.8492336869239807,1.457363247871399,0.3499981164932251,-0.5208256244659424,0.2666866183280945,-0.39938127994537354,-0.4398718774318695,-0.9116086363792419,-0.3937333822250366,1.636702537536621,-0.33673354983329773,1.4025850296020508,-0.24840644001960754,-0.9164973497390747,1.07732355594635,-0.385394811630249,0.17768961191177368,1.4601351022720337,-0.8433254361152649,-0.882397472858429,-0.2159499228000641,0.3714328408241272,0.6446451544761658,-1.8957840204238892,0.21958787739276886,-0.0024049084167927504,-0.6227917075157166,0.48443761467933655,1.0980807542800903,1.6096129417419434,0.25398507714271545,0.38914409279823303,1.6565475463867188,0.1187671646475792,0.5010848045349121,-1.0190733671188354,0.10770060122013092,0.0996152013540268,-0.15240833163261414,-1.0959947109222412,-1.0532811880111694,1.3192776441574097,0.05382850766181946,-0.27193015813827515,0.06249777600169182,0.18407124280929565,1.5370144844055176,-0.16033345460891724,1.6031296253204346,1.6667745113372803,-1.3597745895385742,-0.44799357652664185,-0.26117512583732605,-0.10903003811836243,-0.2776203751564026,0.5228536128997803,1.070277214050293,-1.471847414970398,-1.9899176359176636,-0.19191864132881165,0.3479798436164856,0.39597588777542114,-0.5302790403366089,-0.8377063274383545,0.8743533492088318,1.7694882154464722,-1.3346672058105469,-0.8611124157905579,-0.5558328628540039,2.8416459560394287,0.785082995891571,1.9126731157302856,-0.6309552788734436,-0.7275940179824829,0.14444662630558014,1.6271015405654907,0.15544089674949646,1.4037604331970215,-1.70827317237854,-2.2157299518585205,0.2126784324645996,2.1082983016967773,2.521829843521118,-0.6422004699707031,-0.4796473979949951,1.4364044666290283,0.18118788301944733,-0.6886585354804993,-0.37165722250938416,-0.46417033672332764
amazon-digital-music.csv,0.5822111368179321,-0.057817865163087845,-0.12382959574460983,-0.7529346942901611,-0.5789200067520142,-0.5183013677597046,1.527111530303955,0.03929085284471512,-0.5872061848640442,-2.444401502609253,-1.4395489692687988,0.4503445029258728,1.0802499055862427,0.22210721671581268,0.6662328243255615,0.23717498779296875,0.6317684650421143,-1.333176612854004,0.19431695342063904,0.9302000999450684,-0.8250890374183655,-1.054774522781372,-0.11702421307563782,-0.7209973931312561,-0.4457351863384247,0.3234889507293701,1.1062440872192383,2.070925712585449,0.6268408894538879,0.04210316389799118,0.27742093801498413,0.4215196967124939,1.7559337615966797,-0.4959859251976013,-0.3493492305278778,-0.5033498406410217,-0.4207604229450226,0.7237052321434021,-0.18873794376850128,0.8450896143913269,-0.5385026335716248,0.31008100509643555,-0.5989734530448914,-0.7612016201019287,1.0291351079940796,1.154879093170166,0.33234232664108276,-0.33482086658477783,-0.24447110295295715,0.5930535197257996,-1.3673335313796997,-0.7772613167762756,-1.8741497993469238,-1.2082749605178833,0.5295660495758057,0.4009735584259033,-1.5215816497802734,-1.3956444263458252,-0.25082314014434814,-0.9817726016044617,-0.7605398297309875,-1.4282121658325195,0.5996185541152954,3.3432865142822266,0.22319047152996063,-0.2956041693687439,0.007653866428881884,0.2716882824897766,-0.691877007484436,0.4506782293319702,1.4910656213760376,-0.40389466285705566,-0.438198059797287,1.1222032308578491,1.1926079988479614,2.1068248748779297,0.8940942883491516,1.222635269165039,0.016175419092178345,-1.0951511859893799,0.09063944220542908,-0.2117706686258316,1.2322243452072144,0.8685364723205566,0.687895655632019,-0.2768173813819885,-1.2678459882736206,0.4869484007358551,0.6990423202514648,0.6485913991928101,0.3909285068511963,-0.25718626379966736,-0.2944643795490265,-0.78763347864151,1.2839423418045044,-0.9912370443344116,0.5388505458831787,-0.5692044496536255,1.4321436882019043,0.8593424558639526,0.14339619874954224,-0.07399730384349823,-0.4539068043231964,1.025200366973877,0.1801489144563675,0.914908230304718,0.540595293045044,-1.280007243156433,1.759992241859436,-1.0935739278793335,0.9023241996765137,1.9791359901428223,-0.17565803229808807,-1.8839341402053833,-0.25283029675483704,-1.021652102470398,0.7052242755889893,0.3637728989124298,2.368520975112915,0.013124995864927769,0.0069917007349431515,1.5365664958953857,-0.02213072031736374,-1.2452226877212524,1.6439218521118164,-0.32725995779037476,-0.5559936761856079,1.5156961679458618,0.9104442596435547,-1.30696702003479,-1.38490629196167,-0.6331905126571655,-2.0011234283447266,0.5445405840873718,0.8800290822982788,0.4379444122314453,1.3528454303741455,-0.8029691576957703,-0.2434287667274475,1.139145016670227,-0.24299870431423187,-0.6399938464164734,0.10920947790145874,-0.1259707361459732,1.1369915008544922,-0.20013675093650818,-1.1272441148757935,0.8016449809074402,-1.5677995681762695,-0.4828590452671051,-2.3325693607330322,0.6339944005012512,0.3325093984603882,0.2412271350622177,-0.7931526899337769,-0.2518881857395172,2.7281179428100586,0.23622652888298035,0.3606494665145874,0.769997239112854,-2.0924501419067383,0.6215182542800903,0.6281396746635437,0.27139267325401306,0.5744426846504211,-0.8575291037559509,1.9418989419937134,-2.58964204788208,-1.39936101436615,-0.6612443923950195,2.1802330017089844,0.014117101207375526,-1.3726879358291626,0.31981953978538513,-0.7633627653121948,0.747594952583313,0.2736230492591858,-0.25750184059143066,-0.1764967441558838,0.8143907785415649,0.3643093705177307,0.8349687457084656,0.5805477499961853,-1.266332745552063,-0.35767465829849243,1.0321706533432007,0.5473547577857971,0.5248943567276001,-0.25492027401924133,-0.9810245633125305,1.7995622158050537,0.30248475074768066,0.414519727230072,-0.6429728865623474,-0.6458882689476013,1.236209511756897,0.0702318325638771,-0.301314115524292,0.6045157313346863,-1.4092134237289429
flixter.csv,1.0016192197799683,-0.9151474833488464,0.534834623336792,0.08011406660079956,0.6932622790336609,1.5311765670776367,1.1798261404037476,2.4110326766967773,0.8461098074913025,-2.1855103969573975,-0.9678040742874146,0.9597991704940796,0.07908263057470322,1.8062695264816284,0.5174806118011475,-0.2878839373588562,0.43070748448371887,1.1946959495544434,1.5662668943405151,-0.14708635210990906,-0.8230615854263306,-0.6922685503959656,-0.7899144887924194,0.7620065808296204,0.09585779905319214,-0.8621982336044312,0.5612082481384277,1.5919257402420044,1.3658838272094727,0.9452782273292542,0.17573396861553192,-1.1025530099868774,1.1205061674118042,2.0679636001586914,2.116123676300049,-0.4121067523956299,0.5128359198570251,1.1701749563217163,-0.5183439254760742,0.34833192825317383,-1.0614473819732666,0.6356034278869629,-1.6702678203582764,0.9471962451934814,-0.1423933506011963,2.051879644393921,1.454658031463623,0.022501783445477486,0.6140475869178772,1.424874186515808,-0.7729521989822388,1.231440544128418,0.6215025782585144,-0.9051247239112854,0.42160993814468384,-0.9069536328315735,-0.8984090685844421,-0.8315507769584656,-0.031867705285549164,0.10550422221422195,-1.492973804473877,0.24368128180503845,0.4226408898830414,1.667083740234375,-1.4926093816757202,-0.1280054748058319,-0.6503655910491943,-0.2939811050891876,-1.4513733386993408,1.4866745471954346,2.4512226581573486,-0.7355322241783142,-0.4569939970970154,2.579267740249634,-0.1250542849302292,0.7365692257881165,-0.8131213188171387,0.7027185559272766,-1.3104993104934692,-1.1106010675430298,-0.25351494550704956,0.651045024394989,-1.3686847686767578,-0.9982260465621948,0.6841636896133423,0.41490447521209717,-1.8442877531051636,0.8020015954971313,0.21770314872264862,0.45039498805999756,-0.5915648341178894,1.0417355298995972,-2.0398271083831787,0.4633887708187103,1.414589524269104,-2.094189167022705,-0.2021680772304535,-0.7977621555328369,0.5163037776947021,-0.4606800675392151,-0.4847518801689148,1.0634673833847046,-0.5161137580871582,0.33317893743515015,2.0855822563171387,1.0944799184799194,0.5488936901092529,-1.4927688837051392,-0.6979540586471558,-0.7244750261306763,-0.08374590426683426,1.1043623685836792,-0.4907611012458801,-1.3745514154434204,-0.6426645517349243,0.5364186763763428,-0.30630001425743103,0.5999807119369507,1.3260126113891602,0.5561922788619995,-0.21744857728481293,1.667256474494934,-1.2997491359710693,-0.21996185183525085,0.950391948223114,0.8916383385658264,0.4881066083908081,1.3792355060577393,0.3750784695148468,-0.007561940234154463,-1.6772693395614624,0.8167399764060974,-0.32285237312316895,-1.5154647827148438,-0.06889451295137405,0.1423787623643875,-0.05815861001610756,-0.12932978570461273,-0.5351109504699707,1.2530510425567627,-0.47019264101982117,0.4263087511062622,-0.4350750148296356,-1.1004326343536377,-1.0129344463348389,-0.8435834646224976,-0.4590516686439514,0.9217331409454346,-0.4734158515930176,0.2183954268693924,-1.7038300037384033,0.33610230684280396,-0.45505690574645996,-0.6317939758300781,-0.5818212628364563,-0.07008644193410873,-0.5578346252441406,1.4681499004364014,0.7099302411079407,0.25714653730392456,-1.2317686080932617,-0.02995983511209488,-0.2893875539302826,0.02343195304274559,0.206401988863945,-0.1359027922153473,-0.045359496027231216,-0.5417165160179138,-0.14704030752182007,-0.712356686592102,0.44373732805252075,-1.042343258857727,0.24410653114318848,-0.03665463626384735,-0.585398256778717,-1.7286056280136108,-0.8667038679122925,0.07142411917448044,-0.044118866324424744,1.992271900177002,-0.20634309947490692,1.5302821397781372,-1.0940383672714233,-1.4434832334518433,-1.2176804542541504,0.9079821109771729,-0.7147682309150696,0.3675260543823242,-0.6822052001953125,1.2744172811508179,0.4906134307384491,1.2239265441894531,1.6148254871368408,1.2697161436080933,0.42294809222221375,0.9291532039642334,0.5617217421531677,0.034458234906196594,0.2082953304052353,-1.787421703338623
amazon-tools.csv,0.6288493275642395,-0.09796496480703354,-0.7577891945838928,0.01799059472978115,0.8610333800315857,0.46582627296447754,2.0392847061157227,0.45557692646980286,0.7792981266975403,-2.6263554096221924,-1.8154406547546387,-0.006891923025250435,-0.5274618268013,0.235853910446167,1.2129595279693604,-1.0453705787658691,0.5280525088310242,1.213213324546814,1.4154804944992065,1.5452749729156494,-0.3527996838092804,-1.3966095447540283,-1.4930795431137085,-0.17636390030384064,0.838621973991394,-0.507266640663147,1.1650182008743286,0.053580235689878464,1.2475416660308838,0.8419017195701599,-0.9281336665153503,0.6636396050453186,-0.17698955535888672,0.3079666197299957,0.39391809701919556,0.17457804083824158,0.6619032025337219,-0.43092769384384155,-1.1294082403182983,0.8591061234474182,-1.5741217136383057,0.3930418789386749,-0.6600373983383179,-0.09694959968328476,1.9457910060882568,0.7072027921676636,-0.1610223948955536,-1.0180891752243042,-0.6024585366249084,0.45898380875587463,0.15537863969802856,1.3534021377563477,0.21472671627998352,-1.1700652837753296,1.144974946975708,0.014273121953010559,-1.6706105470657349,0.8840972185134888,0.7487075328826904,-1.371819019317627,-0.10248477756977081,-1.0414527654647827,1.1653176546096802,1.6438847780227661,-0.6351407766342163,1.7968966960906982,1.082009196281433,-0.9270453453063965,1.1133877038955688,0.8208749890327454,0.02841595746576786,-0.7458062171936035,-1.1866676807403564,1.0071518421173096,0.16849398612976074,1.2019567489624023,-1.3002710342407227,1.513002872467041,-0.23510701954364777,-0.8913916945457458,-0.3372713029384613,-0.32965928316116333,0.884637176990509,-0.47580257058143616,0.14675426483154297,-1.219826340675354,-2.578896999359131,0.5949451923370361,0.6376764178276062,0.10507771372795105,0.22018739581108093,-0.35626089572906494,-1.331939458847046,-0.20970897376537323,1.0216963291168213,-2.0496485233306885,0.19604483246803284,0.02291078120470047,0.2711417078971863,0.31236669421195984,0.5188868641853333,0.6586081385612488,-0.7491968274116516,-0.12642218172550201,1.1801344156265259,0.844794511795044,1.1411372423171997,-0.5225446820259094,1.8813731670379639,-0.3057076334953308,1.0195949077606201,0.4465583860874176,1.3560247421264648,-1.7549618482589722,1.3743385076522827,-1.2375919818878174,0.20896977186203003,-0.95655757188797,-0.1203741729259491,1.522784948348999,0.36232656240463257,0.4906320869922638,-0.3903496563434601,-0.06519268453121185,0.9463328719139099,0.7330502271652222,-0.5826932787895203,-0.0014934081118553877,-0.246110200881958,-0.35215091705322266,-0.39889127016067505,-0.0026139297988265753,-0.710273802280426,-2.706493854522705,-0.540307879447937,-1.5582493543624878,0.3751857280731201,-0.28392985463142395,0.6291292309761047,0.8360510468482971,-0.026507098227739334,1.0317788124084473,-0.16283537447452545,-0.663183867931366,0.7428097724914551,-0.694046139717102,-1.6895626783370972,1.2549225091934204,-1.626853346824646,-0.9316281676292419,-1.8751109838485718,0.8792944550514221,-0.5941901803016663,0.0007188986055552959,-0.7557739019393921,0.8228838443756104,0.7450686097145081,0.7160990238189697,0.4729350805282593,-0.21268849074840546,-1.1270123720169067,0.7500653862953186,0.05847150832414627,-0.8127129077911377,-0.17267385125160217,-0.7902978658676147,2.125521659851074,-0.9490684270858765,-1.997393012046814,-0.9085657596588135,0.47406652569770813,-0.36324915289878845,-0.18131960928440094,-0.17149092257022858,-0.1822541207075119,0.44362586736679077,-1.508623719215393,-0.24776363372802734,-0.021326890215277672,1.8645684719085693,1.2340434789657593,1.5247722864151,-0.19022268056869507,-1.343530535697937,-1.1723030805587769,1.009196162223816,0.8908112645149231,-1.109330654144287,-1.8441022634506226,-0.07658754289150238,0.7077558636665344,1.4077894687652588,0.9566447734832764,-0.8527818918228149,-1.8187090158462524,1.386027455329895,0.6956509351730347,-1.8520987033843994,-0.9769322872161865,-0.405815988779068
bookcrossing.csv,0.6184336543083191,-1.206015706062317,-0.2998277246952057,1.2185404300689697,-0.07689462602138519,-1.0085400342941284,2.237483024597168,-0.2899807393550873,0.21747754514217377,-2.6378581523895264,-1.4797040224075317,0.6325783133506775,-0.8986856937408447,-0.6439119577407837,0.2983175218105316,-0.5235432386398315,0.04373056814074516,0.13980719447135925,0.9443987011909485,1.0274583101272583,0.1480710357427597,-0.44491031765937805,-0.45118069648742676,-1.0070191621780396,0.026499871164560318,-0.686905026435852,0.9402633905410767,-0.6505825519561768,0.5116121768951416,0.4401187598705292,0.33522525429725647,0.8956691026687622,0.35654574632644653,-0.3960769474506378,1.8776577711105347,-0.2249440997838974,1.6008031368255615,0.05906495079398155,0.1380583643913269,1.6414369344711304,-1.3450443744659424,-0.3006020784378052,-0.719329297542572,0.18930137157440186,-0.5763934254646301,-0.2848058342933655,0.5555962920188904,-0.009240844286978245,-0.7628488540649414,0.7646632194519043,-0.8575157523155212,-0.5505659580230713,0.6290265321731567,-1.4794254302978516,-0.24680660665035248,1.4108164310455322,-1.38860285282135,0.8088611364364624,0.21939946711063385,-0.5952615141868591,1.0114995241165161,-0.3661172688007355,1.0421820878982544,2.2897467613220215,0.15905623137950897,-0.28121575713157654,-0.2258259356021881,-1.3974870443344116,-0.2570091784000397,1.4337928295135498,0.6542255282402039,-1.0968315601348877,0.6278546452522278,1.7014449834823608,0.04059530794620514,2.0276646614074707,0.4866161644458771,0.5349412560462952,-1.1192867755889893,-3.072096586227417,-0.11063528805971146,-0.04589007422327995,0.26760873198509216,0.08430680632591248,-0.07880211621522903,0.01739230565726757,-0.9565110802650452,-0.010093935765326023,1.0056039094924927,0.21274565160274506,-0.49882668256759644,-0.02780860848724842,-0.07119806110858917,-0.29153352975845337,1.4553662538528442,-2.6777145862579346,-0.7062957882881165,0.6466231346130371,0.3186957836151123,-0.3331468999385834,-0.8563744425773621,0.17859458923339844,-0.021251751109957695,0.2527129650115967,1.6050771474838257,2.3495559692382812,1.418739914894104,-1.6107616424560547,1.2870174646377563,-0.04045414179563522,0.3066292703151703,0.9718824625015259,2.4841737747192383,-1.041491150856018,0.6112605333328247,-0.821982204914093,0.39262330532073975,-0.9595773816108704,1.5187087059020996,1.4354133605957031,0.36830201745033264,1.0830974578857422,-1.0926398038864136,-0.6857935786247253,1.65009343624115,-0.1457539051771164,-0.5041025280952454,1.7538756132125854,-0.15512816607952118,-0.7189679741859436,-1.3564257621765137,-0.19097112119197845,-1.1498594284057617,-1.604702353477478,-0.17397016286849976,-1.3674174547195435,2.5362613201141357,0.07510463893413544,-0.04635538533329964,0.8852231502532959,0.06020126864314079,0.27177757024765015,-1.2659380435943604,-1.68570876121521,-0.759054958820343,0.5205210447311401,-0.07138608396053314,1.0774850845336914,-0.2747371792793274,0.5444837808609009,-1.940276861190796,1.014272689819336,0.32911357283592224,-0.8284960389137268,-1.036413550376892,-0.2929992973804474,1.392609715461731,0.4412291646003723,0.6960081458091736,-0.5548772811889648,-1.2784830331802368,-0.5007582306861877,0.7143977284431458,0.0795479565858841,-0.2962701916694641,-0.8239499926567078,0.4148978292942047,-1.0421653985977173,-1.9261728525161743,-0.2918910086154938,1.4047324657440186,-1.3253408670425415,-0.18020735681056976,-0.11114387214183807,-0.13319000601768494,-0.6089181900024414,-1.1136163473129272,-0.35874155163764954,-0.18785704672336578,0.883224606513977,1.005516767501831,1.2443619966506958,0.5727663040161133,-1.400672197341919,-2.1770050525665283,-0.13509002327919006,0.11467430740594864,-0.8656105399131775,-0.03086317889392376,-1.1310088634490967,0.9252850413322449,0.9431948661804199,0.5176950693130493,-0.0800766795873642,-0.6269485950469971,1.5853297710418701,1.030858039855957,-1.1763542890548706,-0.5988293290138245,-0.9002705812454224
amazon-clothes.csv,1.4568215608596802,0.4813935160636902,0.13647346198558807,-0.5254794955253601,0.3816124200820923,0.10356693714857101,2.4223897457122803,0.3980841040611267,1.0628513097763062,-1.7264807224273682,-2.540576457977295,0.36624035239219666,0.32480180263519287,0.6085070371627808,-1.4927414655685425,-1.4899606704711914,0.41999536752700806,0.29503917694091797,1.8390594720840454,1.0706056356430054,-1.1023998260498047,-2.018397569656372,-0.5799270868301392,-0.8978946208953857,-0.6991725564002991,-1.3875811100006104,0.6729889512062073,0.6328089833259583,0.321713924407959,0.9191831350326538,0.2637229561805725,0.5406197905540466,0.252413272857666,1.2967666387557983,0.5559775233268738,0.22232787311077118,0.41675904393196106,0.7613868117332458,-1.4577823877334595,0.8656429052352905,-1.6506690979003906,-0.01502577867358923,-0.3733248710632324,-0.012013454921543598,0.6388444304466248,1.4885543584823608,1.5014599561691284,-1.2723474502563477,0.16050012409687042,0.7827122807502747,-0.9414733648300171,-0.06827130168676376,-0.8301981687545776,-2.713599681854248,-0.4270237982273102,0.5577108860015869,-1.9585570096969604,-0.09595824033021927,-0.553533673286438,-0.5604737401008606,0.3638916313648224,-1.5775176286697388,1.082474946975708,1.4139394760131836,-0.2729402780532837,-0.39537087082862854,0.6909052133560181,0.9468551278114319,0.16702134907245636,1.7730263471603394,1.139961838722229,-0.17765943706035614,-1.6114814281463623,1.8229358196258545,-0.44660383462905884,1.013899326324463,-0.9731806516647339,0.22646276652812958,-1.3654451370239258,-1.8336223363876343,-0.09560045599937439,0.2642265856266022,1.1212518215179443,-0.9724951982498169,-0.6412663459777832,-0.5666576027870178,-1.38517427444458,0.45819443464279175,-0.2029675543308258,0.13999420404434204,-0.47369620203971863,-0.02395232580602169,-1.828380823135376,-0.10803788155317307,1.778692603111267,-2.0513815879821777,-0.021100511774420738,-0.377960205078125,0.9830347299575806,0.5793073773384094,-0.6132441163063049,-0.06551435589790344,-0.7899461388587952,-0.8982493281364441,1.2629801034927368,1.0965372323989868,-0.2709578573703766,1.1801838874816895,1.6706352233886719,-0.688612699508667,1.262230634689331,2.182708501815796,1.3718140125274658,-1.401699423789978,0.4367203116416931,-0.896533727645874,1.0139461755752563,-0.07132166624069214,0.625298798084259,0.9234623312950134,-1.3711636066436768,-0.3122667670249939,0.04605751857161522,-1.394823431968689,1.290061354637146,0.5121904611587524,0.1410249024629593,0.5167707800865173,-0.22387678921222687,-0.7523947954177856,0.1466658115386963,-1.288015365600586,-1.5445480346679688,-1.957410216331482,0.2438381314277649,-0.2467542439699173,0.6340287923812866,-0.5154655575752258,-0.4421044886112213,-0.39121678471565247,1.0003596544265747,0.7583946585655212,-1.0869966745376587,-0.8288435935974121,0.4074534773826599,-0.2007821947336197,-1.6276487112045288,1.2013342380523682,-0.4222451448440552,0.80838543176651,-1.1615917682647705,1.3046125173568726,-0.42750483751296997,-0.8119118809700012,0.41186919808387756,-0.050283752381801605,1.2446991205215454,1.423775315284729,0.6760144829750061,-0.20596551895141602,-2.072493314743042,0.09965331852436066,0.7526800632476807,-0.47770464420318604,0.9258878231048584,-0.35789215564727783,0.7861649990081787,-0.8335661888122559,-0.9014479517936707,-0.2551291882991791,1.1802488565444946,-0.2686900794506073,-0.12350233644247055,0.5046526193618774,0.4381495416164398,0.006931900512427092,0.8208609223365784,-0.2622115910053253,-1.3134621381759644,2.116741418838501,-0.3272101581096649,1.2390284538269043,-0.5618373155593872,-1.531177043914795,-0.07466868311166763,0.8292182087898254,0.3557293713092804,-0.8680036067962646,-0.9409716725349426,0.26979851722717285,0.26699671149253845,0.6487383246421814,1.0038599967956543,-0.887586236000061,-0.4310725927352905,2.0653483867645264,0.6432055830955505,-0.04772380739450455,-0.29259106516838074,-0.8307740688323975
movietweetings_recsys2014.csv,0.4096626043319702,-0.20924203097820282,-0.13683493435382843,-0.12061232328414917,-0.18610797822475433,0.4390280544757843,0.9345647096633911,-0.2605383098125458,0.575592041015625,-0.4893242418766022,-1.460805058479309,-0.810712456703186,1.6506425142288208,1.3225771188735962,0.20037081837654114,-0.3127289414405823,-0.9896767735481262,1.5553104877471924,1.4886891841888428,-0.5338391065597534,-0.2969990670681,0.3470371663570404,0.3630162477493286,-0.4320087134838104,-1.5816138982772827,-1.1759581565856934,0.7225666046142578,1.7352540493011475,1.1489671468734741,0.7376461029052734,-0.4209631681442261,-0.34026628732681274,1.6089766025543213,0.9498175978660583,-0.7810390591621399,-0.07042538374662399,0.7139132022857666,-0.18933391571044922,0.8351572751998901,0.9384514093399048,-1.0891637802124023,-1.9714428186416626,-0.0013898044126108289,-1.1749632358551025,0.040059369057416916,1.0492769479751587,1.4987119436264038,-0.5668467283248901,0.46243399381637573,0.9017159342765808,-1.351000189781189,1.5942257642745972,-1.4345766305923462,-1.9234230518341064,-0.5878539085388184,1.7915114164352417,-0.5351485013961792,-0.48942631483078003,1.6763051748275757,-0.7043689489364624,-1.7695332765579224,-0.7540187835693359,-0.6585235595703125,1.8684557676315308,0.40539857745170593,-0.8859175443649292,2.042790412902832,0.1608458012342453,0.004342333413660526,1.0628689527511597,0.7823654413223267,-0.7726746797561646,-0.9092490077018738,2.4320449829101562,-1.0819236040115356,-0.5829026103019714,-0.714579701423645,0.49535223841667175,0.2661154270172119,-0.8158774375915527,-0.13398827612400055,-1.1799840927124023,-0.5665867924690247,0.21253712475299835,1.2454031705856323,0.6755765676498413,-1.2212101221084595,1.4023679494857788,-0.4771781861782074,-0.807173490524292,-0.35706937313079834,0.11377334594726562,-2.2683217525482178,-0.642170786857605,1.2984213829040527,-1.86556077003479,-0.6445544362068176,-1.7544784545898438,-0.17904284596443176,0.047613028436899185,0.30350837111473083,-0.052450429648160934,-0.07433732599020004,1.7704644203186035,1.7277168035507202,0.07364018261432648,1.0303207635879517,0.9112257957458496,0.8998127579689026,-0.5971716046333313,1.198981761932373,0.24145738780498505,1.273878812789917,-0.808222234249115,0.11887557059526443,-1.0137275457382202,-1.1273298263549805,-1.3697243928909302,0.5491291880607605,0.4879283905029297,-1.048758864402771,-0.2450731098651886,0.14925867319107056,-0.8912153244018555,1.7289115190505981,0.5751328468322754,-0.08439970761537552,2.306049108505249,0.07302584499120712,0.29042860865592957,-0.8599185943603516,-0.5379385352134705,-0.7427765727043152,-0.9785613417625427,-0.10617554932832718,-1.9270248413085938,-0.44998621940612793,-0.08468130975961685,-0.48780521750450134,-0.15259316563606262,-0.4121496081352234,-0.38557764887809753,-0.7754625678062439,-1.1839083433151245,1.0957024097442627,-0.44672930240631104,-1.2006686925888062,0.38552066683769226,-1.2324756383895874,-1.0519849061965942,-0.6924940347671509,0.5673831701278687,-0.18096233904361725,-0.013406996615231037,0.23987528681755066,2.1206510066986084,-0.6420020461082458,1.5949639081954956,1.5022122859954834,0.7599773406982422,-0.2648736238479614,-0.1615215241909027,0.08911144733428955,-0.06420059502124786,-0.2430872917175293,-1.7172406911849976,0.5338591933250427,-1.9807783365249634,-2.4986064434051514,-0.8021243214607239,0.5299674272537231,0.45000791549682617,1.1764403581619263,0.6754832863807678,0.2752673029899597,0.32007458806037903,-0.8161832094192505,-1.474148154258728,-0.23103351891040802,0.651367723941803,1.311406135559082,-1.1126278638839722,1.1427003145217896,-1.4552271366119385,0.23986957967281342,0.19040364027023315,0.5183780789375305,-0.49606433510780334,-2.1533963680267334,0.824573814868927,0.8312598466873169,0.6240193843841553,0.6628795862197876,-0.2010456770658493,-1.0479258298873901,0.9996252059936523,1.170018196105957,0.5301856398582458,0.4492857754230499,0.3981212377548218
yahoo-music.csv,1.4538711309432983,-0.6490914225578308,-0.6954300999641418,-0.7437261343002319,-0.7368014454841614,0.6667737364768982,1.4591882228851318,1.0641111135482788,-0.008496291935443878,-2.2515347003936768,-1.3130989074707031,0.5629818439483643,1.3232160806655884,2.8598380088806152,-1.0058711767196655,0.3679467439651489,-1.1122663021087646,-0.2073613703250885,1.120409369468689,1.190091609954834,0.4733927547931671,-0.2778113782405853,-0.3425992727279663,-1.7858210802078247,0.6633783578872681,-1.7886638641357422,-0.27629441022872925,0.3954295814037323,2.3859241008758545,0.5036007761955261,1.1385170221328735,0.18152639269828796,0.9988805055618286,1.0476475954055786,0.5327194333076477,0.041152164340019226,-0.5606821179389954,0.6303152441978455,0.3732069134712219,-0.3908998966217041,-1.573827862739563,-0.43711939454078674,-0.4754866659641266,-0.8393232822418213,0.41577044129371643,-0.2675885856151581,0.03277318924665451,0.06467242538928986,-0.5369033813476562,1.4453197717666626,-0.011052576825022697,1.3032609224319458,0.101441890001297,-2.4097793102264404,1.3679099082946777,-0.32272353768348694,-0.7721847295761108,0.8076551556587219,0.7282687425613403,-1.0378113985061646,-0.10038663446903229,-0.29950472712516785,0.48937880992889404,1.2073131799697876,-1.5733811855316162,-0.88698410987854,1.0154551267623901,0.3793085217475891,-0.06097913533449173,1.1988657712936401,0.07356824725866318,-0.3982427418231964,0.5463980436325073,1.1353365182876587,-0.6869469285011292,0.6861902475357056,-1.8640323877334595,2.1386916637420654,-1.2361732721328735,-0.6610223650932312,-1.1298612356185913,-0.6507864594459534,1.057854175567627,0.5172227621078491,0.7664495706558228,0.1733415126800537,0.20925688743591309,1.311153531074524,0.2908923625946045,-0.44043517112731934,-1.159614086151123,0.5624741911888123,-2.1131653785705566,0.35722699761390686,1.5034613609313965,-0.40436843037605286,0.38906800746917725,-0.9933593273162842,1.1948821544647217,0.15202802419662476,0.006684897467494011,0.5621246099472046,-1.1112749576568604,-0.5251566171646118,1.9798181056976318,1.4865834712982178,2.2927842140197754,-0.07964387536048889,1.2477869987487793,-1.232946753501892,-0.08047069609165192,2.1142210960388184,0.143925279378891,-0.11119447648525238,-1.008459210395813,0.5668368339538574,-0.14187149703502655,-1.4727871417999268,0.8152555823326111,0.8223029375076294,-0.5995793342590332,2.7247135639190674,-1.0546855926513672,0.016497664153575897,0.5469499230384827,0.5710912942886353,-0.23086769878864288,0.15972183644771576,1.082131266593933,-0.09176744520664215,-0.4819238781929016,-1.0990214347839355,-0.8771435022354126,-1.5029586553573608,1.7387980222702026,-1.4856919050216675,1.6392738819122314,0.4570731520652771,0.2652728259563446,-0.2802364230155945,-0.32855144143104553,0.1215241551399231,-0.6643307209014893,-1.3862009048461914,-0.33356866240501404,-1.2244385480880737,-1.0818661451339722,-0.30974236130714417,-0.23871932923793793,-1.232262372970581,-1.3396990299224854,-0.226786270737648,1.0157185792922974,0.9097504615783691,-1.5279350280761719,-0.4395941197872162,0.15029706060886383,0.6864091157913208,0.6131814122200012,1.4082199335098267,-1.0954203605651855,0.12117139995098114,0.9194632768630981,-0.8059346079826355,0.36861488223075867,-0.05684834346175194,0.693516194820404,-1.2288354635238647,1.0310660600662231,1.139657974243164,0.13027161359786987,-0.456244558095932,-0.3635963201522827,-0.08712644129991531,-1.2121986150741577,-0.757592499256134,-0.8421261310577393,-0.693844199180603,0.2167910784482956,0.08626915514469147,-0.2766532301902771,1.8929609060287476,1.5651094913482666,-0.8194501996040344,-0.06354328244924545,0.5231795310974121,0.6840798854827881,-0.9337561130523682,-0.232273131608963,-0.5460054874420166,0.331423819065094,0.5203734636306763,1.051745057106018,1.2046302556991577,-2.262558698654175,0.9109016060829163,1.1252769231796265,-0.4320569634437561,-0.26884010434150696,-0.8314787745475769
jester1.csv,1.0226706266403198,-1.2747032642364502,-0.8982057571411133,0.4197333753108978,1.4557385444641113,0.5447613000869751,0.7665265202522278,0.5596300363540649,-0.35222750902175903,-2.8604087829589844,-0.2753955125808716,0.3314226269721985,1.738891839981079,1.0461827516555786,1.2499102354049683,-1.272284746170044,-0.08726595342159271,0.059169184416532516,1.5855498313903809,-0.7891982793807983,-1.9921201467514038,0.4347676932811737,-0.7261289954185486,-0.6246981024742126,0.3231862187385559,-1.9004100561141968,1.4995417594909668,-0.6005602478981018,1.189570665359497,-0.1359502524137497,1.0325182676315308,1.3233064413070679,0.9231444597244263,0.6710867285728455,-0.19201189279556274,0.9671127796173096,0.9464288949966431,0.9846588373184204,1.382049798965454,0.7029966115951538,-1.4163802862167358,-0.8857436180114746,-0.4808953106403351,-1.4439183473587036,0.6398735046386719,0.05244794115424156,-0.06093563511967659,-0.13081389665603638,-0.513113260269165,1.4606648683547974,-0.26857244968414307,0.24444687366485596,0.08232234418392181,-1.7538158893585205,0.06075025349855423,0.777590811252594,-2.118337631225586,0.1580507606267929,-0.14415384829044342,0.032263655215501785,-0.7812762260437012,-0.23048155009746552,-1.1937346458435059,1.0632625818252563,-1.748030424118042,0.3637816905975342,1.2369614839553833,-0.7070649862289429,0.32734522223472595,1.897910714149475,-0.20841656625270844,1.169877290725708,-1.1115096807479858,1.992262840270996,-1.211016058921814,1.2279301881790161,-2.4448764324188232,0.011000527068972588,-1.9886348247528076,-1.1738862991333008,1.1927348375320435,0.3845912516117096,1.0591800212860107,-0.020761575549840927,-0.19907283782958984,-1.885380506515503,-0.9747506976127625,-0.28306370973587036,-0.9083120226860046,-0.1583271473646164,-0.34338250756263733,0.3527059555053711,0.20943988859653473,-0.47363564372062683,0.2228080779314041,-0.9293408989906311,-0.9673473238945007,-0.12949292361736298,1.3407453298568726,0.5972368121147156,-2.208763837814331,0.997477114200592,-2.0078372955322266,0.15074722468852997,1.0750573873519897,-0.48148882389068604,-0.17996616661548615,-0.4079184830188751,1.6194977760314941,-1.7152471542358398,1.176389455795288,1.7760059833526611,0.704775869846344,-0.35998794436454773,0.20173929631710052,0.38641446828842163,0.10363133251667023,0.6225489974021912,1.500304937362671,-0.0048583149909973145,0.43598291277885437,0.3972024619579315,-1.097852110862732,-0.894382655620575,1.1335334777832031,-0.4758152663707733,0.5775281190872192,1.576728105545044,-0.06465741991996765,-0.22960592806339264,-0.7194579243659973,-0.15430505573749542,-0.11066602170467377,-0.09362854808568954,0.16308604180812836,0.020045379176735878,0.6048389077186584,-0.21493364870548248,-0.46234622597694397,0.166961669921875,1.3051948547363281,1.7061783075332642,-0.12224147468805313,-1.1583714485168457,-0.03561028093099594,-0.23012468218803406,1.1252002716064453,0.9347425699234009,0.05153020843863487,-0.3050456941127777,-0.693760871887207,0.5756036043167114,-0.09826916456222534,-1.5546908378601074,-1.2323435544967651,0.18119588494300842,0.4963967204093933,0.6198622584342957,-0.795295774936676,0.5369715094566345,-0.590889036655426,-0.8714921474456787,-0.3028728663921356,0.4091722369194031,0.47154515981674194,-1.1154996156692505,1.4632086753845215,-0.8891021609306335,-1.4199415445327759,-0.924383819103241,-0.7555317282676697,1.3941117525100708,1.4477238655090332,0.3551000654697418,-2.333231210708618,-0.6825435161590576,-1.0898112058639526,-0.6749926805496216,-1.5688612461090088,1.3176555633544922,-0.21465976536273956,1.6401456594467163,0.36755111813545227,-0.8486470580101013,-1.7679575681686401,0.3932008147239685,-0.007438133005052805,0.5149358510971069,-0.7431289553642273,0.8255844712257385,1.1637651920318604,0.389452189207077,1.5565606355667114,0.2516956031322479,-1.5353223085403442,1.1643598079681396,0.34749963879585266,-0.7634704113006592,0.3512977659702301,-0.39916935563087463
movielens100k.csv,0.9083243012428284,-1.1261159181594849,0.006530363578349352,-0.3291622996330261,0.4262238144874573,1.2065613269805908,2.1025216579437256,-0.11229953169822693,0.31306424736976624,-2.3280320167541504,-2.3332300186157227,1.2839072942733765,-0.5642720460891724,0.9608023166656494,-0.19515131413936615,-0.7464585900306702,0.2650536000728607,0.4390459954738617,0.649442195892334,0.3674091100692749,-0.4782319664955139,-0.7013725638389587,-0.6666502356529236,0.08955103904008865,0.8393145799636841,-1.1760379076004028,0.6272088289260864,0.22084496915340424,2.3425230979919434,-0.5848055481910706,1.2657701969146729,-0.9467881321907043,0.4762614965438843,-0.3962802290916443,-0.2004101723432541,0.5841307044029236,0.6816378235816956,1.1437575817108154,-0.3274318277835846,0.7124443650245667,1.510903000831604,0.3992208242416382,-1.4630132913589478,-0.7468867897987366,-0.41980862617492676,-0.13908840715885162,0.7091888785362244,-0.7393414378166199,0.16325151920318604,0.6842164397239685,0.6015875935554504,-0.0597565621137619,-0.6784669756889343,-2.5436205863952637,0.9950019717216492,-1.486956000328064,-0.22465631365776062,-1.0361573696136475,-0.5308989882469177,-0.728294312953949,-0.345436155796051,1.2492367029190063,-0.9207969903945923,1.9547244310379028,-0.016596395522356033,1.156209945678711,0.34047842025756836,1.3576115369796753,0.4103808104991913,1.806177020072937,0.9544637203216553,-1.2784476280212402,-0.2526628375053406,1.3495652675628662,0.02243792451918125,-0.01290201023221016,-0.9071154594421387,1.4330978393554688,-0.6661095023155212,-1.6418007612228394,0.29042088985443115,-0.9523403644561768,1.2498184442520142,-1.121998906135559,0.039998557418584824,-0.8572759628295898,-0.9670517444610596,0.9330707788467407,0.12401507049798965,1.161296010017395,-0.08572011440992355,0.6100986003875732,-1.6481719017028809,-0.5628646612167358,1.4122720956802368,-1.3567389249801636,-0.6918171048164368,-0.41343560814857483,0.7215895056724548,0.12758919596672058,-0.569531261920929,2.270883560180664,-1.1481149196624756,0.8587331175804138,1.3849766254425049,1.490970253944397,1.0050698518753052,0.09418588876724243,1.4048287868499756,-2.3176333904266357,1.3054141998291016,1.7906888723373413,0.37887752056121826,-1.688554286956787,-0.19514596462249756,0.3302372992038727,0.64073246717453,0.5631506443023682,0.9744132161140442,0.4420473575592041,-0.9148871898651123,1.6448805332183838,0.15390807390213013,-0.036628056317567825,1.0333770513534546,-0.03637402504682541,1.31645667552948,1.7378802299499512,0.6268466711044312,-1.2214457988739014,0.4478367269039154,0.28754934668540955,-1.481127142906189,-1.7300246953964233,0.9809199571609497,0.03549972549080849,-0.055919378995895386,0.35852575302124023,-0.597356915473938,-0.8859218955039978,-0.6010533571243286,0.9978885650634766,-0.3607357442378998,-1.6996079683303833,-0.2926784157752991,-0.4549746513366699,-0.6263039112091064,-0.584372878074646,-0.13596786558628082,-0.12429366260766983,-1.552346110343933,0.7041285037994385,0.14382511377334595,0.3641963303089142,-1.0707240104675293,1.0566844940185547,-0.720808744430542,1.1649854183197021,0.5051315426826477,-0.0404045432806015,-1.6012364625930786,-0.43187063932418823,0.6946370005607605,-1.3069589138031006,-0.7094497084617615,-0.9922298192977905,1.3311213254928589,0.17545734345912933,-1.4052035808563232,-0.919485330581665,1.335808515548706,-0.40730413794517517,-0.07664471864700317,-0.07139942795038223,-0.3538181185722351,-0.388595849275589,-0.4656442403793335,-2.1410410404205322,-0.6948539614677429,1.1486951112747192,-0.4273263216018677,1.1919543743133545,0.07053260505199432,-1.804641842842102,-1.2914965152740479,0.4959869086742401,-0.9623883366584778,-0.9448473453521729,-1.7445553541183472,-0.2788488566875458,0.6287981867790222,0.5233526825904846,0.777337372303009,-0.17462800443172455,-1.835494875907898,1.9210659265518188,0.3186248242855072,-0.2596305310726166,0.5365197658538818,-0.12426342815160751
amazon-health.csv,0.6184908151626587,-0.23420450091362,0.046813659369945526,-0.7939873933792114,0.04318842664361,0.4479013681411743,2.149279832839966,1.6090706586837769,-0.18430615961551666,-1.5782992839813232,-1.7730146646499634,0.539172887802124,1.1277652978897095,-0.08157267421483994,-0.43157127499580383,-0.401754766702652,0.5793914794921875,1.016859531402588,0.2029077559709549,0.20256085693836212,-0.4673144519329071,-1.470246434211731,0.41631805896759033,-0.0847964659333229,0.49813711643218994,-1.7814418077468872,0.5485280752182007,0.4016408622264862,0.6508783102035522,-0.4611111283302307,1.2631123065948486,0.1850152611732483,0.501605212688446,-0.05979316681623459,0.6980565190315247,0.42267680168151855,-0.40910565853118896,0.016099102795124054,0.1875317096710205,2.5330917835235596,-1.2244893312454224,-0.6626307964324951,-1.4763123989105225,0.07203339785337448,-0.06536920368671417,-0.06485098600387573,0.06851035356521606,-1.1175787448883057,-1.2353408336639404,2.1613528728485107,-1.5645781755447388,-0.21023523807525635,-0.8697027564048767,-1.1495550870895386,-1.832722544670105,1.5884076356887817,-0.17037039995193481,-0.12809188663959503,0.3525468111038208,0.33265042304992676,-0.525105893611908,-0.9373305439949036,-0.3233761191368103,1.2918434143066406,-1.4918690919876099,0.7280908823013306,-0.09481842070817947,1.042772650718689,-0.7006431221961975,1.4833053350448608,1.0015919208526611,-0.102230004966259,-0.34629523754119873,2.0636184215545654,-0.45338913798332214,0.8629367351531982,-1.096062183380127,0.016510920599102974,-0.4796799123287201,-0.9840481877326965,-0.40140625834465027,-0.806520402431488,0.2787683308124542,-0.24112781882286072,0.3336758315563202,0.15165768563747406,-1.7285635471343994,0.9369716644287109,-0.09697598963975906,0.33834031224250793,-1.3523380756378174,-0.6460424065589905,-1.8206028938293457,-0.385784387588501,1.595098853111267,-0.9645358920097351,-0.9561159014701843,0.115902841091156,0.9150642156600952,0.3184798061847687,-0.6890845894813538,0.046847742050886154,-0.7336351275444031,-0.8949071764945984,0.7184155583381653,0.7569406628608704,-0.6510887145996094,0.9046299457550049,1.773348331451416,-0.2131403237581253,-0.05241389572620392,2.6005120277404785,1.2849383354187012,-1.0499731302261353,-0.14756235480308533,0.2229703813791275,0.08308394998311996,-1.309875726699829,0.21262091398239136,0.15711034834384918,-1.0352357625961304,0.9444536566734314,0.11018715798854828,-1.1862976551055908,2.159759283065796,-0.7837744951248169,0.47263434529304504,0.9638082981109619,-1.2123438119888306,0.2713136076927185,0.022843845188617706,-0.5360954403877258,-0.4880366623401642,-1.5174548625946045,0.14554154872894287,1.4473721981048584,-0.03431021049618721,0.5264083743095398,1.227812647819519,-0.05923924595117569,-0.869604766368866,-1.1730165481567383,0.7039623856544495,0.9300584197044373,0.7345526814460754,-0.7431488633155823,-0.7409045696258545,0.43192020058631897,0.22422805428504944,0.035122666507959366,-2.061668872833252,1.094882845878601,-0.23528209328651428,0.632504940032959,-0.9009293913841248,-0.5788334012031555,1.6483312845230103,0.2948659658432007,0.6115184426307678,0.20645496249198914,-1.2775485515594482,-0.33450302481651306,0.7946515679359436,-0.7516573071479797,0.3667983114719391,-0.4411466121673584,0.0671379491686821,-0.3495858907699585,-2.4321630001068115,0.665606677532196,-0.6126342415809631,0.4952439069747925,1.3279014825820923,-0.9538649320602417,1.4207056760787964,-0.748494565486908,0.18599840998649597,-1.276921033859253,-1.4314744472503662,2.8078391551971436,0.2590734362602234,1.3530458211898804,0.05691368505358696,-0.5874519944190979,-0.09058944880962372,0.7324321866035461,-0.3651018440723419,0.12413576245307922,-0.9081820249557495,0.5757451057434082,0.9278549551963806,1.667716383934021,3.620908498764038,-0.8090675473213196,-2.050478458404541,0.34284448623657227,1.6427563428878784,0.14737147092819214,-0.14816497266292572,-1.1536388397216797
movielens10m.csv,1.3687324523925781,-0.4043835401535034,0.10931278765201569,0.08894168585538864,-0.424405038356781,0.28186461329460144,2.757352113723755,0.8446101546287537,0.17470498383045197,-2.054670572280884,-0.7246055006980896,0.8456946611404419,0.6759150624275208,0.4995395839214325,0.8628000020980835,-1.2992796897888184,-0.2947750389575958,0.3704443871974945,1.3447179794311523,1.6879929304122925,-1.686805248260498,-0.44185176491737366,0.5260888338088989,-1.2338875532150269,0.7701901793479919,-1.6083170175552368,0.2884024977684021,0.04028019681572914,1.4432451725006104,0.46810436248779297,0.8970085978507996,0.8252243399620056,1.2846112251281738,1.0615683794021606,1.0465540885925293,0.41917771100997925,1.4359873533248901,-0.5358552932739258,-0.2858488857746124,1.0620845556259155,-1.2060431241989136,0.21893450617790222,-1.38827383518219,-0.44285210967063904,-0.2564373016357422,0.08089730143547058,0.564224362373352,-0.26077374815940857,-0.34522417187690735,0.7122028470039368,0.007606099359691143,1.3709771633148193,-1.478816270828247,-2.7334530353546143,0.9803897142410278,-0.08201391249895096,0.2548980414867401,0.9806985259056091,-0.19907696545124054,0.38672131299972534,-0.8995941281318665,-0.34719347953796387,0.05138479918241501,1.9498918056488037,-0.06668909639120102,-0.6005530953407288,0.03985262289643288,-0.1201646700501442,0.38560751080513,-0.005944372154772282,1.662644624710083,-1.1437662839889526,-1.4026761054992676,1.378355860710144,0.45895397663116455,1.075019121170044,-1.6812973022460938,1.5751359462738037,-0.7537523508071899,-2.5585269927978516,1.4363665580749512,-0.5422512292861938,-0.2113482654094696,-0.19349177181720734,-0.8950181007385254,-0.07507270574569702,-0.9874146580696106,-0.44343847036361694,0.5467320084571838,-0.16298966109752655,-0.46039193868637085,0.3296741545200348,-2.1754074096679688,0.18129929900169373,1.3661655187606812,-1.683737874031067,-0.9760700464248657,0.32245033979415894,0.47094759345054626,0.8333550691604614,0.360250860452652,1.5829216241836548,-0.7912221550941467,-0.009576315060257912,2.1819372177124023,-0.1526264101266861,-0.30347949266433716,-0.48775991797447205,2.0690503120422363,-0.9875204563140869,1.1364423036575317,1.3565343618392944,0.02475678361952305,-0.5283045768737793,0.11121777445077896,-0.2241353690624237,-0.4114566147327423,1.091787576675415,0.5292842388153076,0.2363072782754898,-0.9917508363723755,1.1880383491516113,-0.8797909021377563,0.25609779357910156,1.0056308507919312,0.7710688710212708,0.501689612865448,1.3897086381912231,-0.7007927894592285,-0.4992767870426178,-0.8746064901351929,-0.08932653069496155,0.20883160829544067,-1.0266053676605225,0.8367239832878113,0.5899843573570251,-0.1386258900165558,-1.1166149377822876,0.3190794885158539,-0.002415540162473917,1.0452383756637573,-0.43672293424606323,-0.7126964926719666,-1.5764544010162354,1.7134038209915161,0.021950917318463326,-2.159294366836548,-0.9825126528739929,-2.046107053756714,-0.8232728242874146,-1.2215640544891357,1.4626892805099487,-0.9170557856559753,-0.09788737446069717,-0.7701270580291748,0.12134716659784317,0.022592969238758087,0.6984220743179321,0.7982956171035767,0.3381611108779907,-1.2859207391738892,0.12781913578510284,1.0909156799316406,-0.17166268825531006,0.24235709011554718,-1.2517504692077637,1.5300168991088867,0.061223991215229034,-0.5091879367828369,-0.21969906985759735,-0.30431342124938965,-0.45942625403404236,0.5744516253471375,-1.576143503189087,-2.9579241275787354,-0.22216732800006866,-0.777751088142395,-1.0269235372543335,-0.855690062046051,1.0217913389205933,0.18356174230575562,2.185204029083252,-0.380649596452713,-0.7833950519561768,0.38055887818336487,0.6874093413352966,0.3924061059951782,0.4958498179912567,-1.296143651008606,0.8747513294219971,0.5546266436576843,-0.0012351823970675468,1.90305495262146,0.055539570748806,-1.1710389852523804,0.8961966037750244,1.0214139223098755,-0.8298532962799072,0.2720737159252167,-0.2742852568626404
amazon-garden.csv,0.6447520852088928,0.28302186727523804,-0.1758977770805359,0.5571556687355042,0.48669177293777466,-0.7465541362762451,1.2612305879592896,1.7217477560043335,0.7622443437576294,-2.4104936122894287,-1.451691746711731,1.20636785030365,0.11541643738746643,-0.07130928337574005,-0.41132909059524536,-1.0578757524490356,2.150970935821533,1.2174850702285767,2.2940754890441895,2.1771926879882812,-0.6595266461372375,-1.9758172035217285,-0.7662250399589539,-1.878989815711975,0.5292009711265564,-1.7293964624404907,1.1966701745986938,0.5035072565078735,0.8054082989692688,0.6844866871833801,0.9237732887268066,0.6903237104415894,1.67424738407135,0.7980948090553284,0.20959272980690002,-0.4006012976169586,1.1267622709274292,0.9109911322593689,-0.4044996500015259,2.29864239692688,-1.558127999305725,0.05369957536458969,-1.4655600786209106,0.31738078594207764,0.41705062985420227,0.18173956871032715,-0.07651574909687042,-0.5555689930915833,-1.0682955980300903,0.6012590527534485,-0.7431740164756775,0.6260368824005127,-0.756058931350708,-0.9971879720687866,-1.6374118328094482,0.716387927532196,-1.478075385093689,0.7266266942024231,-0.4930574595928192,-1.1017060279846191,0.7780107855796814,-0.11210079491138458,1.1883230209350586,1.407049536705017,-0.6346721053123474,-0.029517102986574173,1.2099677324295044,0.8320501446723938,0.9191986918449402,2.671924114227295,0.9016741514205933,-0.6095022559165955,-0.21979904174804688,2.266266107559204,-0.7098464369773865,1.144860863685608,-1.1943864822387695,0.20067286491394043,0.22718481719493866,-1.6963597536087036,-1.2559995651245117,0.26830872893333435,1.1747394800186157,0.926689088344574,-0.93752521276474,-0.623699963092804,-2.388904333114624,0.9485229253768921,0.11727125942707062,0.7022936940193176,-0.36494016647338867,0.06230368837714195,-1.252135992050171,-0.3235865831375122,1.709891438484192,-1.5223956108093262,-0.05871959775686264,-0.964410126209259,0.1471599042415619,0.5176481604576111,-0.7705726623535156,0.5548385381698608,-0.4441765248775482,-0.19826894998550415,0.9334479570388794,0.7872412800788879,0.10021243244409561,-0.2557676136493683,0.47291329503059387,0.5288002490997314,-0.029969284310936928,1.403343915939331,1.836986780166626,-0.4161139726638794,-0.004603717941790819,-0.8751658201217651,0.08119577169418335,0.726711094379425,-0.12562327086925507,0.48914486169815063,-0.43581122159957886,0.032401714473962784,-0.04804509878158569,-0.8710829615592957,1.1183781623840332,0.1373216062784195,0.7414360046386719,0.3738193213939667,0.28785184025764465,-0.8945075273513794,-1.0154025554656982,-0.5677617788314819,-1.346064567565918,-0.9879810810089111,0.11050251126289368,-0.10362998396158218,1.7720277309417725,0.4893203377723694,-0.33644863963127136,-0.36919060349464417,-0.1540028154850006,0.45989587903022766,-0.013550098054111004,-0.6174115538597107,0.9497832655906677,-0.6426758170127869,-0.919508695602417,0.8353159427642822,-0.6922677159309387,1.0578508377075195,-1.8547720909118652,0.3999132513999939,0.3820900022983551,-0.6195716857910156,-0.21551121771335602,1.174520492553711,1.6888132095336914,0.3688502907752991,-0.05480857938528061,-0.7300394773483276,-1.4100420475006104,-0.3158426880836487,0.9782339930534363,0.07351218163967133,0.3192024528980255,-0.18067912757396698,1.3710554838180542,-0.28425735235214233,-1.814030647277832,-0.31169992685317993,-0.4469694197177887,-1.4443128108978271,-0.35993292927742004,-0.12632441520690918,-0.12847000360488892,0.19395235180854797,-0.9511588215827942,0.19647786021232605,-0.5489851832389832,0.3297496438026428,0.31259891390800476,1.3212676048278809,-0.302381694316864,-1.459069013595581,0.5219531059265137,1.7439621686935425,1.2854058742523193,-1.5964263677597046,-1.3220407962799072,-0.6658747792243958,1.668889045715332,1.225471019744873,0.9801571369171143,-0.515410840511322,-0.9014466404914856,2.254343032836914,0.7873268127441406,0.1192285493016243,-0.7661299109458923,-0.5839542150497437
amazon-office.csv,1.1683932542800903,-0.6419874429702759,-0.3729858100414276,-0.16957977414131165,-0.23584754765033722,0.3873977065086365,2.152587890625,1.7337779998779297,-0.1965537965297699,-1.789124846458435,-1.6790393590927124,-0.0980597510933876,-0.6297958493232727,0.18493784964084625,0.6616604328155518,-0.45818594098091125,0.13181832432746887,0.9940176010131836,0.35756129026412964,1.6283248662948608,-0.8483978509902954,-0.7279725670814514,-0.8293446898460388,-0.9524799585342407,1.0760053396224976,-0.6963554620742798,0.9285986423492432,-0.008092432282865047,1.47312331199646,1.3394633531570435,0.6349422931671143,0.646605372428894,1.2935580015182495,0.5977142453193665,0.16841542720794678,0.15785309672355652,-0.15685176849365234,-0.21098609268665314,-0.9704746007919312,0.9664919376373291,-1.6974762678146362,-0.2254786342382431,-0.6099910140037537,0.09561684727668762,1.4425861835479736,0.3148910701274872,0.2964629828929901,-0.5364677309989929,0.30202290415763855,1.5214190483093262,-1.5411396026611328,0.7129722833633423,-1.2390191555023193,-0.7431801557540894,1.058793306350708,0.3252210021018982,-2.195241689682007,-0.4191182255744934,0.26806122064590454,0.059558361768722534,-0.2416573464870453,-1.6235179901123047,0.41809791326522827,1.1678624153137207,-0.4758778214454651,1.5017788410186768,0.7095147967338562,0.8199924826622009,0.9469740390777588,0.7310594916343689,0.8298947811126709,-0.37065741419792175,-0.17066554725170135,2.046740770339966,-0.25423938035964966,1.0944063663482666,-1.269051432609558,1.350576639175415,0.005608131177723408,-1.33639395236969,0.5118525624275208,-1.408104419708252,0.4917767345905304,0.22125035524368286,0.4578757584095001,-0.8106936812400818,-1.245274543762207,0.7550587058067322,-0.09340114146471024,0.8017667531967163,0.12521378695964813,0.7132576704025269,-2.4678773880004883,0.9281265735626221,0.6601155996322632,-1.5075165033340454,-0.2109355479478836,-0.4130062460899353,0.1676376461982727,0.5004542469978333,-0.34074270725250244,0.6996127367019653,-0.38920143246650696,-0.6620099544525146,0.37331312894821167,1.3761401176452637,0.5738733410835266,0.4945002496242523,1.6735297441482544,-1.2987771034240723,-0.011492141522467136,1.8149120807647705,0.5544575452804565,-2.6067705154418945,1.2240458726882935,-1.1200449466705322,-0.14899291098117828,-0.5698668360710144,1.3881672620773315,0.448540061712265,-0.023327331990003586,1.9188237190246582,-0.030135272070765495,0.16732119023799896,0.9110837578773499,-1.0010074377059937,0.5831201076507568,0.4266320765018463,-1.185392141342163,-0.2580628991127014,-0.78678959608078,-0.08020645380020142,-0.04164476692676544,-1.2322298288345337,-0.6655821800231934,-0.04143727943301201,-0.043976038694381714,-1.3461620807647705,-0.40194395184516907,0.3760468363761902,-1.3541748523712158,0.4761817455291748,-0.1010250449180603,-0.3225536048412323,1.2311724424362183,-0.5326411724090576,-1.897465705871582,0.9211070537567139,-0.26496782898902893,0.11349446326494217,-1.9604017734527588,0.666083037853241,-0.047388941049575806,0.06786427646875381,-1.27730131149292,0.3874988555908203,1.8758060932159424,0.9523082375526428,0.8595763444900513,0.8642135262489319,-1.5432504415512085,-0.6120495200157166,1.1502578258514404,-0.7357796430587769,0.3362947702407837,-0.513490617275238,1.2341692447662354,-1.5364879369735718,-1.354601502418518,-1.129684329032898,1.1658215522766113,0.010102170519530773,0.7227948904037476,-0.6464049816131592,-0.7209298610687256,-0.26351073384284973,-0.9643110632896423,-0.8367075324058533,-0.9894208312034607,2.765043020248413,1.6082758903503418,0.1385057419538498,0.20639146864414215,-1.8095083236694336,-0.5624393224716187,0.3563173711299896,1.5611077547073364,0.25768962502479553,-1.3708387613296509,-0.41587916016578674,0.8789560198783875,0.5887269377708435,1.3342458009719849,-0.998981773853302,-2.2398152351379395,1.53517746925354,-0.3807121217250824,-1.464186191558838,-0.4383598268032074,-1.1863725185394287
amazon-movies.csv,1.25204336643219,0.20100833475589752,0.30265387892723083,-0.21376757323741913,-0.13307933509349823,0.5479158163070679,1.6256076097488403,0.09536346048116684,-0.2976916432380676,-2.4908618927001953,-1.6114460229873657,-1.1844151020050049,1.4821703433990479,1.9073299169540405,0.3964692950248718,-0.006862564943730831,-0.6358504891395569,0.24204537272453308,1.3138160705566406,0.10605820268392563,-0.16260921955108643,-2.19170880317688,0.3325655460357666,0.627522349357605,-0.12960612773895264,-0.9266536831855774,0.0876273438334465,0.8422642350196838,1.0203415155410767,0.3246147036552429,0.1940525472164154,-0.3220115900039673,1.7403250932693481,0.27769187092781067,-0.21211431920528412,-0.6861454844474792,-0.07606407254934311,0.18812178075313568,0.6812884211540222,0.13165919482707977,-1.5601067543029785,-0.8307779431343079,-0.046513233333826065,0.4252846837043762,0.8739505410194397,1.589168906211853,0.1818794459104538,-1.7546555995941162,0.2206541895866394,1.8771953582763672,-0.4906402826309204,1.0041447877883911,-1.3582797050476074,-1.597898244857788,0.803497314453125,0.5867159962654114,-1.0039069652557373,-1.001634120941162,-0.16903652250766754,-0.314311683177948,0.11329904198646545,-1.4630074501037598,0.5040588974952698,1.8152600526809692,-0.4567428231239319,0.321296751499176,1.0589960813522339,0.5363793969154358,0.6136065721511841,1.1321195363998413,-0.9327011108398438,-1.3438911437988281,-1.9158694744110107,1.8432683944702148,0.016006622463464737,-0.8940415382385254,0.20447970926761627,-0.26873543858528137,-0.9410919547080994,-0.20581376552581787,0.5474933385848999,-0.4145074486732483,0.3614083528518677,-1.5139213800430298,-0.28572437167167664,0.11026189476251602,-1.3301631212234497,0.5346853733062744,1.3321713209152222,0.08721986413002014,0.15318842232227325,-0.9697429537773132,-1.8590854406356812,0.25549817085266113,1.136535882949829,-0.8826202154159546,-0.9473696351051331,-0.3889479339122772,-0.011506509967148304,1.4653887748718262,-0.9674631357192993,1.0281341075897217,-0.1808152198791504,0.10309212654829025,0.3422411382198334,0.8633288741111755,-0.42929890751838684,-0.7691357731819153,1.2265193462371826,-0.9490087628364563,1.6143556833267212,2.7101945877075195,0.8953809142112732,-1.5940709114074707,1.0170632600784302,-0.9684053659439087,0.2706977427005768,-0.9595339298248291,0.5317702293395996,-0.45900750160217285,0.400800883769989,1.965446949005127,0.6046154499053955,0.20683714747428894,2.4876182079315186,0.012449277564883232,2.007335901260376,1.561945915222168,0.597540020942688,0.38635846972465515,-0.06098021939396858,0.2795664966106415,-1.1749417781829834,-1.0593407154083252,-0.2062230408191681,0.26361021399497986,-0.715704619884491,-0.7571007609367371,-1.148547887802124,-0.7130283713340759,-0.7554568648338318,0.5381129384040833,-1.466554880142212,0.04530540481209755,0.9989756345748901,0.5634960532188416,-0.16682174801826477,0.9846485257148743,-1.1381393671035767,-0.5010075569152832,-1.1528953313827515,-0.3125150203704834,0.15655700862407684,0.8812125325202942,-1.4438023567199707,-0.025154389441013336,1.9416072368621826,0.7540267705917358,0.11228509247303009,0.9704785943031311,-0.7741081118583679,-1.0037633180618286,0.713887631893158,0.8305147886276245,0.5507283806800842,-0.7194567918777466,0.7982922792434692,-1.5540586709976196,-1.3175755739212036,-0.24628415703773499,1.1547311544418335,-0.14982067048549652,0.3180457651615143,-0.26207923889160156,-0.774075448513031,-1.1725751161575317,-1.4290194511413574,-0.6200151443481445,-0.8308570981025696,1.1623179912567139,-0.09661031514406204,0.9417806267738342,1.020124077796936,-1.1710855960845947,-0.3879353106021881,2.1932218074798584,1.7235438823699951,0.7704611420631409,-0.4254920482635498,0.7211164832115173,-0.17593684792518616,0.8412050604820251,-0.12266726791858673,-1.0135647058486938,-2.677180767059326,1.9709937572479248,-0.10979510843753815,-0.5469257831573486,0.05445215106010437,0.7050564885139465
yahoo-movies.csv,0.7753587961196899,-0.7028974294662476,-0.23101994395256042,0.37897631525993347,0.9404882192611694,0.5215663909912109,0.3899594843387604,1.4215550422668457,-0.7692393064498901,-1.8669915199279785,-0.47668683528900146,0.5055212378501892,1.0509885549545288,0.3247455358505249,0.7196134924888611,-0.6342281103134155,0.02573838084936142,0.20779207348823547,0.8757293224334717,1.9690263271331787,-1.6344285011291504,-1.2103945016860962,0.15072573721408844,-1.4683878421783447,1.214901089668274,1.2173603773117065,0.4317519962787628,-1.3196148872375488,1.1634948253631592,1.8430426120758057,0.7848217487335205,0.27849486470222473,-0.5034900307655334,0.01922447234392166,-0.4667302668094635,-0.4246809184551239,0.09927749633789062,-0.4902935326099396,0.3744543790817261,0.6020691990852356,0.6655656695365906,0.9211804270744324,-0.2013249397277832,0.7485722303390503,-0.19943171739578247,-0.40650078654289246,0.757010281085968,0.761378288269043,-0.15717649459838867,2.8536126613616943,-0.2904852628707886,0.6261526346206665,0.5370519757270813,-1.2498100996017456,1.2752723693847656,0.0030917522963136435,-1.4487875699996948,-0.7942618727684021,0.25314170122146606,-1.125233769416809,-1.6487464904785156,1.0431216955184937,0.14693211019039154,1.6618636846542358,-0.542630136013031,0.4355573356151581,0.8178824186325073,0.45033273100852966,0.7165811657905579,1.4102859497070312,-1.1385494470596313,0.16618511080741882,-2.1192245483398438,2.228442907333374,-0.3584124445915222,0.5861498713493347,-1.4027806520462036,1.285509705543518,-0.22559048235416412,-0.9958928823471069,0.7860859036445618,1.4478833675384521,1.0303080081939697,-0.5355672240257263,0.40592825412750244,-0.8514467477798462,-1.3841322660446167,1.04216730594635,-0.9658953547477722,0.03757019340991974,-0.6276691555976868,-0.04563632234930992,-2.1430141925811768,0.19950558245182037,1.7465147972106934,-1.007302165031433,-0.7069998979568481,-0.513527512550354,1.451735258102417,-0.7490975260734558,-1.1427278518676758,1.0982242822647095,-1.278810977935791,-0.34151896834373474,0.19832152128219604,0.5782579183578491,0.8878025412559509,-1.6076695919036865,0.1246129497885704,-0.42688944935798645,0.4346065819263458,0.27590301632881165,0.7998760342597961,-0.16815106570720673,-1.4567009210586548,0.04695391654968262,0.45275449752807617,-0.09039415419101715,1.1274340152740479,2.0875296592712402,-0.8084750175476074,1.070287823677063,-1.9288837909698486,-0.631031334400177,-0.2482762485742569,0.9412994980812073,-0.08197033405303955,1.4506950378417969,1.3643879890441895,0.09302079677581787,-1.604155421257019,-0.014699609018862247,-0.5217075943946838,-1.017530918121338,-1.03583562374115,-0.13911700248718262,0.05463017150759697,-0.51589035987854,1.4765193462371826,0.925981879234314,1.3127182722091675,0.0085196103900671,-0.22224171459674835,-0.08411381393671036,-0.7883694171905518,1.6698815822601318,-0.7758978605270386,0.326627641916275,-0.5173001289367676,0.7783551216125488,-2.294534206390381,1.8138726949691772,-1.7676959037780762,2.2950305938720703,-2.0756454467773438,1.4739189147949219,0.4000445008277893,-0.030354011803865433,0.8265576362609863,1.9023228883743286,-1.5981110334396362,-1.0022104978561401,0.8173630833625793,-0.1937059760093689,0.4509904086589813,-1.287801742553711,0.347048282623291,-1.1702215671539307,-1.6148622035980225,1.0651901960372925,0.5332075357437134,-1.033067226409912,-0.3300435543060303,0.25053179264068604,-0.36063867807388306,0.04136655107140541,-0.5373744368553162,-0.7110313177108765,-0.7068204283714294,1.2543001174926758,0.18747425079345703,0.2144319862127304,-0.38967737555503845,-0.3759087920188904,-0.07151979953050613,0.5043102502822876,1.6203068494796753,-0.40850526094436646,-1.4219064712524414,0.017873788252472878,0.06879918277263641,0.7654381990432739,1.3806445598602295,0.19110935926437378,-1.2422730922698975,-0.5224179625511169,0.8548679947853088,0.5763608813285828,0.8547547459602356,0.6096196174621582
amazon-beauty.csv,0.41671445965766907,-0.6751836538314819,-0.6083450317382812,0.24805444478988647,0.7146185040473938,1.361816167831421,2.4107353687286377,1.4324100017547607,0.6962174773216248,-2.611604690551758,-2.2437968254089355,0.23973365128040314,0.32546982169151306,0.3520788848400116,1.211936354637146,-1.4202207326889038,0.8609005212783813,0.15293771028518677,0.45884469151496887,1.0105353593826294,-0.15050286054611206,-1.0009392499923706,-0.4798261821269989,-0.9619371891021729,1.6293394565582275,1.1806674003601074,2.0091352462768555,0.06671928614377975,0.8577324748039246,0.18992169201374054,-0.5236790180206299,0.6589435338973999,0.27452296018600464,1.4316961765289307,0.8613612055778503,-0.11587899178266525,-0.3275057375431061,-0.1430748701095581,-0.8212379217147827,1.0303977727890015,-1.374671459197998,0.6018240451812744,-0.8252865672111511,0.337247759103775,1.5399062633514404,0.4808191955089569,0.271258682012558,-1.242781162261963,-1.569872498512268,1.0756770372390747,-0.3137182593345642,-0.8483859300613403,0.24898654222488403,-1.3536332845687866,1.2304303646087646,0.5642406344413757,-1.438024878501892,-0.1766451597213745,0.23242948949337006,-0.9359039664268494,-0.7213101387023926,0.15147210657596588,-0.38791611790657043,1.9820518493652344,-1.029024362564087,0.9271072149276733,-1.1624770164489746,0.9769601225852966,0.14003419876098633,0.024801617488265038,0.6586121320724487,-0.5378311276435852,-1.556225299835205,1.4122779369354248,0.45307788252830505,0.6143736243247986,-0.20494350790977478,0.3681916892528534,-1.002802848815918,-0.9856882691383362,0.7704967260360718,0.05595182999968529,0.6426264643669128,0.2611805498600006,-0.12012375891208649,0.09100045263767242,-1.4354655742645264,1.2169489860534668,-0.034430310130119324,0.949022650718689,-0.7848406434059143,-0.6548793315887451,-1.7439285516738892,-0.7219457030296326,0.6849910616874695,-1.922884464263916,0.16166649758815765,-0.23127511143684387,0.42660561203956604,-0.05837268382310867,-0.32425281405448914,0.582018256187439,-0.5994805097579956,-0.2837224006652832,1.4911763668060303,0.8128637671470642,1.092707872390747,-0.6437706351280212,2.0220375061035156,-0.44672563672065735,0.22079595923423767,2.9254305362701416,0.837537944316864,-0.43133169412612915,0.8434833884239197,-0.06176057830452919,-0.7879781126976013,-0.9956097602844238,1.7930171489715576,0.16817747056484222,-1.328247308731079,1.1290373802185059,-0.9511890411376953,-0.33652058243751526,1.5101943016052246,0.5590027570724487,-0.12797267735004425,0.5696056485176086,-1.1803603172302246,-0.7886837124824524,-0.0035570941399782896,-0.12774695456027985,-1.2338789701461792,-1.5107272863388062,1.0832173824310303,-0.3355274796485901,1.1411949396133423,-0.5026072263717651,0.8558112978935242,0.11978483945131302,-0.34635069966316223,1.1602511405944824,-0.4242464005947113,-0.37880706787109375,-0.3578370213508606,-1.237478494644165,-1.2758569717407227,1.3169819116592407,-0.5930619835853577,0.7746900320053101,-1.2532249689102173,0.08361358940601349,-1.0120251178741455,0.5751677751541138,-0.1623484045267105,-1.181814432144165,0.8573049306869507,0.38173043727874756,1.235668420791626,0.21476686000823975,-2.088850975036621,-0.057548776268959045,1.1555404663085938,-0.16066677868366241,0.9652593731880188,-0.9335688948631287,1.3710942268371582,-1.2742308378219604,-1.2313668727874756,-0.26140332221984863,0.5913611054420471,0.08900173008441925,0.1534067839384079,0.5073454976081848,1.1149702072143555,0.6868842244148254,-0.9654093980789185,-0.3477020561695099,-0.4635571837425232,3.2104763984680176,-0.2519979476928711,-0.013824251480400562,-0.13556450605392456,-0.21599586308002472,-0.2397451549768448,1.4702640771865845,0.2808864116668701,-0.3777460753917694,-1.5467169284820557,-0.8498675227165222,0.48323169350624084,1.0198556184768677,2.4417307376861572,-1.5710119009017944,-2.2077484130859375,0.8835079669952393,0.3993140161037445,0.8858578205108643,-0.007780770305544138,-0.2555794417858124
amazon-food.csv,1.265308141708374,-0.7724285125732422,-0.9199621081352234,0.03320460766553879,0.6688618659973145,0.8915891051292419,1.7853931188583374,0.9920975565910339,1.477001667022705,-1.8880797624588013,-1.5933165550231934,0.6834025382995605,0.2274346649646759,0.5942440629005432,0.005624089855700731,-1.154105305671692,0.23777608573436737,0.4728577136993408,1.1053965091705322,0.15005344152450562,-1.223699688911438,-1.2967702150344849,0.3540748655796051,-0.7719582915306091,1.0092363357543945,-0.3790905475616455,0.9785711169242859,1.1749187707901,0.7898851037025452,0.5362977981567383,0.7110777497291565,1.4653946161270142,0.5040004849433899,0.9060003757476807,0.4819808602333069,0.7081741094589233,0.6102561950683594,0.03065856732428074,-0.6499806642532349,1.6914255619049072,-0.521876335144043,0.32362353801727295,-1.151562213897705,0.7893168330192566,0.5388085842132568,-0.14719727635383606,0.48924875259399414,-0.763143002986908,-0.19081009924411774,2.2297139167785645,-0.6325464248657227,-0.21692129969596863,-1.4168674945831299,-1.2938588857650757,0.19144307076931,0.40100955963134766,-1.7550290822982788,-0.47912082076072693,0.07214488834142685,-0.22691932320594788,-0.46391111612319946,-0.9995852708816528,0.11158080399036407,1.413819432258606,-0.8417114019393921,-0.084141306579113,0.10198806971311569,0.7436681389808655,-0.03871220350265503,1.201925277709961,1.4611719846725464,0.21725067496299744,-0.5374752283096313,1.577741265296936,-0.4539230465888977,1.6820435523986816,-0.3667825162410736,0.8620654940605164,-1.0094211101531982,-2.06026554107666,0.45831382274627686,-0.7550157308578491,1.2441198825836182,-0.46910038590431213,0.1122547909617424,-0.6163725852966309,-1.7375622987747192,1.233810544013977,-0.3423408567905426,0.5876778960227966,-1.096806526184082,0.3126644194126129,-1.9030183553695679,0.040094759315252304,1.5475422143936157,-1.9959651231765747,0.29886001348495483,0.07021350413560867,0.9549651145935059,0.8562565445899963,-0.4433743357658386,0.5108768939971924,-0.6500962376594543,0.11467107385396957,1.6820547580718994,1.2176626920700073,0.05634469911456108,-0.37467077374458313,0.9964852333068848,-1.6133768558502197,1.0244051218032837,2.505134344100952,1.4476161003112793,-1.5890101194381714,0.43181413412094116,-1.162675380706787,0.4237205684185028,-0.3082744777202606,1.39264714717865,1.0660531520843506,-1.3494501113891602,1.017262578010559,-0.442974716424942,-1.1661343574523926,1.1034349203109741,0.8903827667236328,-1.1288502216339111,0.6180170178413391,-1.5537528991699219,-0.3877642750740051,-0.019466383382678032,-0.7069315910339355,-0.3964587450027466,-1.7415697574615479,0.501691997051239,-0.5382035374641418,-0.11676027625799179,-0.8608760833740234,-0.26533380150794983,0.2994387149810791,0.8537505865097046,-0.3876594007015228,0.3903256058692932,-0.6586005091667175,-0.30421650409698486,-0.3330678939819336,-1.6368613243103027,0.34182417392730713,-1.0695706605911255,0.19454315304756165,-2.4491844177246094,0.633826494216919,-0.9914824366569519,-0.33482277393341064,0.44404786825180054,-0.904290497303009,1.1014376878738403,0.8123511075973511,1.3278313875198364,0.27775242924690247,-2.1937437057495117,0.5593065619468689,0.3850366473197937,-1.2109622955322266,0.7105907201766968,-1.2710785865783691,1.4108493328094482,-1.8333591222763062,-1.824225664138794,0.6962240934371948,0.3122839629650116,-0.14717495441436768,-0.176890566945076,-0.15942543745040894,0.40250295400619507,0.3590394854545593,0.4779520332813263,-0.670974612236023,-0.8288206458091736,2.629868507385254,-0.024492010474205017,0.9632927775382996,0.11423850804567337,-2.1995530128479004,-0.7962474226951599,1.071799874305725,-0.11864039301872253,-0.559502363204956,-0.6377741098403931,-0.2905566990375519,-0.7184708118438721,1.0832314491271973,2.286367654800415,-0.7929224967956543,-1.029381513595581,0.9040580987930298,0.6554831266403198,-0.5701915621757507,-0.3600815236568451,-0.9803867340087891
amazon-home.csv,1.7532488107681274,0.45239830017089844,0.5905374884605408,-1.0356533527374268,0.8436015248298645,0.8481905460357666,2.288778781890869,0.7289453744888306,0.6296959519386292,-1.5596590042114258,-1.3718470335006714,-0.1869397908449173,0.2944808006286621,-0.26783910393714905,0.942806601524353,-1.4386436939239502,0.5062834620475769,0.017344309017062187,1.3905553817749023,-0.21750347316265106,-0.7470851540565491,-0.17717422544956207,-0.6377986073493958,-0.42319849133491516,-0.06339126080274582,0.17517587542533875,1.0245773792266846,1.3650239706039429,0.6642482876777649,1.2341413497924805,0.9547114372253418,0.32010531425476074,0.33574768900871277,0.23181504011154175,-0.26524806022644043,0.04483072832226753,0.6508193612098694,-0.864960253238678,0.35028961300849915,0.5161541104316711,-0.09743668884038925,-0.28895121812820435,-0.7297846078872681,1.2001278400421143,1.2362077236175537,-0.5966621041297913,0.11752156913280487,-1.1407675743103027,0.21255888044834137,1.4022905826568604,-1.7545291185379028,0.06094811484217644,-0.08022601157426834,-0.921449601650238,0.12586136162281036,0.7918689846992493,-1.474826455116272,0.4423915147781372,-0.4064865708351135,-0.8287531137466431,-0.8560137748718262,-0.902414858341217,0.9634959697723389,1.7733893394470215,-1.2970210313796997,1.7698402404785156,0.07529515027999878,-0.09090028703212738,0.12063027173280716,1.2801761627197266,0.8841758966445923,0.2279227077960968,0.21400734782218933,1.2078461647033691,-0.43410658836364746,1.9155195951461792,-0.75798100233078,0.8179847002029419,0.48885849118232727,-1.5889344215393066,-0.45239028334617615,0.18011923134326935,1.316081166267395,-0.6449860334396362,0.08727268129587173,-0.22796134650707245,-1.8495880365371704,0.3372366726398468,0.5418847799301147,1.1503205299377441,-1.0406574010849,-0.5841571092605591,-1.2298319339752197,0.0496869720518589,1.7644237279891968,-2.055736541748047,0.14148522913455963,-0.21910880506038666,0.6899502873420715,0.46882548928260803,0.27301013469696045,0.08609254658222198,-1.1280481815338135,-0.04149552807211876,0.8452963829040527,1.386918306350708,-0.06589820981025696,-0.016643332317471504,2.0139851570129395,-1.2302415370941162,0.5207538604736328,3.1271305084228516,1.6056911945343018,-2.1603505611419678,0.11533496528863907,-0.7604888081550598,-0.056942056864500046,0.4568977952003479,1.6426209211349487,0.7795619964599609,-0.1889497935771942,0.16730043292045593,-0.585490345954895,-1.0643385648727417,1.5850863456726074,-0.030076710507273674,-0.7983472943305969,0.2477305680513382,-1.1867510080337524,-0.17096255719661713,0.4869743883609772,-0.30723583698272705,-0.6130991578102112,-1.6487650871276855,-0.30599746108055115,-0.43950143456459045,0.07215455919504166,-0.669421374797821,0.08575531840324402,0.6005755662918091,0.49456512928009033,-0.17126257717609406,0.07799362391233444,0.6643887162208557,0.9142569303512573,-0.5877857208251953,-0.5938790440559387,0.42406803369522095,-0.6401854753494263,-0.22568827867507935,-1.7817926406860352,1.0910509824752808,-0.02527223341166973,0.01898779720067978,-0.9436683654785156,-0.3791936933994293,2.0542192459106445,1.0337936878204346,0.6405239105224609,0.39331817626953125,-0.6414773464202881,-0.14742432534694672,0.7009415626525879,0.047918304800987244,0.5670434236526489,0.32212716341018677,2.727996349334717,-2.5250823497772217,-1.5043423175811768,-0.2342689335346222,-0.08441756665706635,0.16294217109680176,-0.2645084261894226,-0.18924736976623535,0.029400719329714775,-0.45941290259361267,-0.16710442304611206,0.8007488250732422,-0.46472370624542236,3.6396262645721436,1.1536037921905518,1.352831482887268,0.38420191407203674,-1.1833291053771973,-0.5964832901954651,0.12884646654129028,0.8467221260070801,-0.557015061378479,-1.2083007097244263,-0.6340434551239014,1.1955369710922241,1.2733274698257446,1.6992989778518677,-1.451682686805725,-1.9283932447433472,1.2242873907089233,0.7487970590591431,-1.2019615173339844,-0.4741079807281494,-1.338281512260437
jester3.csv,0.6986599564552307,-0.2658517062664032,0.04070019721984863,0.5081583857536316,-1.7829031944274902,0.6649987101554871,1.0684788227081299,1.4905141592025757,0.16026535630226135,-1.4929660558700562,-0.2795829772949219,-0.3345823585987091,0.18411192297935486,-0.5344309210777283,-0.0953710675239563,-1.2005012035369873,-0.4355224072933197,0.5360267758369446,-0.4603433310985565,0.3830183744430542,0.0384003110229969,-0.8844367265701294,0.010986282490193844,-1.2288663387298584,2.136080265045166,-0.5303506255149841,-0.6762574911117554,0.876590371131897,0.3306318521499634,-0.5618963241577148,0.6914576888084412,0.8703873157501221,1.0685322284698486,2.138829231262207,1.0333622694015503,-1.0962244272232056,1.22849702835083,0.2687991261482239,-0.09125915169715881,1.5640672445297241,-0.42791324853897095,0.7327274680137634,-1.555466890335083,1.154057264328003,0.40107426047325134,0.2530430555343628,1.223384141921997,0.22999699413776398,-0.8079834580421448,1.5325524806976318,0.3333594501018524,-0.0791812539100647,-0.13942693173885345,-1.8978108167648315,1.1586045026779175,-0.23252761363983154,-1.3171416521072388,0.45860135555267334,0.327534556388855,-0.4301646053791046,-0.6508577466011047,-0.3285760283470154,-0.17915625870227814,2.2502315044403076,-0.2440870702266693,1.0432337522506714,2.160339832305908,0.060590822249650955,-0.6222109198570251,1.443368673324585,0.5991370677947998,-0.7387856245040894,-1.3367253541946411,0.43507978320121765,-0.49832648038864136,0.021150479093194008,-2.903665542602539,0.04736137390136719,-0.42736878991127014,-0.9822547435760498,1.2297227382659912,0.30055510997772217,1.2082089185714722,-0.6304078698158264,-0.6670935750007629,0.22182749211788177,-0.7707204818725586,1.3331806659698486,-0.4439217448234558,-1.1983553171157837,-2.2776710987091064,0.4606551229953766,-1.7887964248657227,-0.2941809892654419,0.08200159668922424,-2.152338981628418,-0.7025070786476135,-0.21068882942199707,0.7719237208366394,1.1462138891220093,-0.3646492063999176,-1.0241761207580566,-0.6365508437156677,1.3392778635025024,-0.09738992899656296,1.4249709844589233,-0.1635921448469162,1.1568901538848877,0.9084190130233765,-2.378937244415283,1.524000644683838,0.35282209515571594,1.2636597156524658,-0.42627525329589844,-0.05532793700695038,-0.6841444969177246,-0.1417105495929718,-0.7540931105613708,1.0993682146072388,-0.2508913576602936,0.6676234006881714,2.546776056289673,-0.9577299952507019,-0.5151157379150391,1.854149580001831,0.5292789340019226,-0.6778360605239868,1.2694846391677856,-0.6127066612243652,0.45207279920578003,0.12423845380544662,0.36936473846435547,-1.0990633964538574,0.5943090915679932,0.42989975214004517,-1.2266641855239868,-0.268169105052948,0.8099218606948853,-0.8942005634307861,0.9246052503585815,-0.9129272699356079,0.0183203537017107,-0.995202898979187,-0.6375800371170044,-0.06700067222118378,-1.4383119344711304,0.0005803420790471137,1.313653588294983,0.10885867476463318,-0.29252198338508606,-1.6837477684020996,1.5312130451202393,-0.9138757586479187,-0.1057840883731842,-1.3351571559906006,1.6589763164520264,-0.8842980861663818,-0.3603377938270569,1.3145414590835571,1.1490384340286255,-0.15827111899852753,-0.11614679545164108,-0.01866576075553894,0.32947802543640137,1.2984195947647095,-0.11364538967609406,0.9194706082344055,-1.0217652320861816,-1.132539987564087,0.33805277943611145,0.004476615693420172,-0.6814754605293274,0.69483482837677,0.7564136981964111,-0.691361129283905,-1.4100971221923828,-1.3587846755981445,-0.47369712591171265,-0.8962358832359314,0.17635025084018707,0.4901920557022095,1.5034430027008057,-1.6520551443099976,-1.993679165840149,0.2150546759366989,1.719841480255127,-0.6031036376953125,-0.504787266254425,-0.16693159937858582,-0.11393673717975616,-0.38714832067489624,0.11273480951786041,1.5568476915359497,0.7947864532470703,-1.1492151021957397,2.0113816261291504,0.7421648502349854,-1.820820689201355,-0.1779731959104538,0.06688877940177917
amazon-toys.csv,0.6769381761550903,0.6922687888145447,-1.0140188932418823,0.9540292620658875,0.25836053490638733,0.2516753077507019,2.6106812953948975,1.4127936363220215,1.2587134838104248,-1.553036093711853,-2.123562812805176,-0.7795828580856323,0.6961286067962646,-0.27649855613708496,0.48149415850639343,-0.9794900417327881,0.380950927734375,0.2508939206600189,1.311753749847412,2.1754424571990967,0.04089779406785965,-0.8109314441680908,0.11604563891887665,-1.6565601825714111,-0.3518974184989929,-0.3831017017364502,2.847188949584961,0.015245138667523861,1.6379379034042358,0.07735095173120499,0.4245145618915558,0.8948058485984802,0.8720559477806091,1.943606972694397,1.824523687362671,-0.5597912669181824,-0.352699339389801,0.01581914909183979,-1.553467035293579,1.3426591157913208,-1.4322047233581543,-0.2688199281692505,-0.8128666281700134,-0.6961849331855774,0.014725982211530209,0.5152494311332703,0.6778106093406677,-1.4659298658370972,1.0284167528152466,0.5086860656738281,-1.5778659582138062,-0.9398496747016907,0.3533208966255188,-2.1024563312530518,0.8183464407920837,1.0046170949935913,-1.8103920221328735,-1.1864866018295288,-1.208587646484375,-0.7341777682304382,-0.6318244338035583,-0.2766265273094177,-0.4340609312057495,2.5428659915924072,1.088503360748291,0.1475507616996765,1.1825041770935059,0.6291700601577759,0.8621301651000977,1.2958095073699951,1.4344723224639893,0.2820572853088379,-1.2919044494628906,0.9386023879051208,0.20455336570739746,1.0377596616744995,-0.35400065779685974,0.5070820450782776,-1.0873104333877563,-0.870378315448761,0.426415354013443,0.8469264507293701,1.1875540018081665,0.046164620667696,-0.6522459387779236,-0.888170599937439,-1.1646026372909546,0.5091903805732727,-0.6091044545173645,0.037868719547986984,-0.20363205671310425,-0.15109458565711975,-0.7737102508544922,-1.4005097150802612,0.3046647608280182,-2.339040994644165,-0.26101154088974,0.302744060754776,0.6777731776237488,-1.2747533321380615,-0.9451625943183899,0.9171968102455139,0.31600743532180786,0.3208130896091461,1.5314242839813232,1.5285028219223022,0.6281613707542419,-0.7344805598258972,0.8408744931221008,-0.9288030862808228,1.4552123546600342,2.1894004344940186,1.1338566541671753,-0.5806044340133667,0.30568525195121765,-0.5965586304664612,0.35156312584877014,0.13502831757068634,1.207719087600708,-0.2075665146112442,-0.7988373637199402,0.22924935817718506,-0.45272719860076904,-0.5874032974243164,0.9405197501182556,0.796541690826416,0.19032371044158936,1.2234078645706177,-0.13003863394260406,-1.042441487312317,-0.621387243270874,1.2139354944229126,-1.5567595958709717,-1.1303094625473022,1.0778021812438965,0.2322121262550354,2.115208387374878,-0.8787121772766113,0.08640708774328232,-0.4371354579925537,0.8733229637145996,1.3343919515609741,-1.2688742876052856,-0.3090236186981201,-0.03212760388851166,-0.24982453882694244,-0.8960458040237427,0.07088722288608551,-0.373690128326416,1.0216891765594482,-0.9696137309074402,1.0709154605865479,0.33937275409698486,0.8863415718078613,-0.43996861577033997,0.1024114191532135,1.1587635278701782,0.5857279300689697,0.5655888319015503,0.43227943778038025,-1.8520846366882324,0.5541883707046509,1.2013530731201172,1.3446930646896362,0.8670009970664978,-1.453016996383667,0.7061208486557007,-0.386708527803421,-1.1168173551559448,-0.2534702718257904,0.5176418423652649,-1.4406317472457886,-0.07728051394224167,0.31824004650115967,-0.007595242466777563,0.2603101432323456,0.18215474486351013,-0.07002655416727066,0.7989303469657898,2.05961275100708,0.11086434125900269,-0.4442266523838043,-0.6532297730445862,-0.6221336126327515,-0.15188764035701752,0.4657680094242096,0.011450978927314281,-0.2338271141052246,-0.5401924252510071,-0.5531162619590759,1.0514435768127441,1.7461858987808228,2.2131738662719727,0.12181296199560165,-0.04258756712079048,0.9045408964157104,0.619206964969635,0.8563252091407776,-1.0082451105117798,-0.24624736607074738
jester2.csv,2.196722984313965,-0.7171198725700378,1.2203184366226196,-0.384071946144104,-0.5815831422805786,0.35231661796569824,2.038832187652588,0.6652646660804749,0.29661503434181213,-1.8426282405853271,-0.8594871759414673,-0.5104920268058777,1.2180767059326172,0.3764207661151886,-0.5241241455078125,-1.1770915985107422,-0.22368188202381134,0.1944199651479721,0.3513055741786957,0.6366426944732666,-1.7098708152770996,0.2795543670654297,0.10917849838733673,-0.14396828413009644,1.9054819345474243,-0.9625498056411743,0.35973092913627625,0.8103973269462585,0.632317841053009,-0.16146056354045868,1.601192593574524,0.6283559203147888,1.5522834062576294,1.6458977460861206,1.3989371061325073,-1.2981334924697876,0.27121925354003906,0.386930376291275,0.8697957396507263,0.45728614926338196,-1.5856915712356567,-0.5054489970207214,0.10559683293104172,-0.11179997771978378,0.949049711227417,0.8238778710365295,0.04027087986469269,-0.40080025792121887,-0.4528297185897827,1.8774051666259766,0.49400755763053894,0.19675906002521515,0.13574111461639404,-1.5935524702072144,-0.32464104890823364,1.0117052793502808,-2.8735666275024414,0.0936964601278305,0.6177222728729248,-2.021761655807495,-0.946107029914856,0.7765934467315674,-0.0419253334403038,1.113448977470398,-0.22227448225021362,-0.07950200885534286,1.2128533124923706,-0.32129818201065063,0.3505623936653137,0.6823421120643616,0.4879785478115082,-0.7524625062942505,-0.6450235247612,2.312222957611084,-0.6579899191856384,0.3036157190799713,-0.49717262387275696,0.4998868405818939,-1.422903060913086,-0.6178256273269653,-0.2035015970468521,0.191692516207695,-0.4692653715610504,-0.4195190370082855,-1.666731595993042,-0.32514864206314087,-1.3296318054199219,0.17316843569278717,1.5497562885284424,0.19296909868717194,0.05337920039892197,0.2716284692287445,-1.7477936744689941,-1.0868812799453735,0.22154229879379272,-1.0452646017074585,-1.0287500619888306,1.0212212800979614,2.177433967590332,-0.36800456047058105,-0.4564995765686035,0.2787065804004669,-1.1924443244934082,-0.3713902533054352,-0.3793278634548187,0.5977501273155212,1.3895834684371948,-1.5962201356887817,1.5448856353759766,0.5833216905593872,0.2587915062904358,1.6745586395263672,0.6753497123718262,-0.6127997636795044,0.6508210301399231,-0.38634544610977173,0.19437693059444427,0.7988246083259583,1.5966949462890625,1.4132875204086304,-0.6924653053283691,0.6673141121864319,-2.0052292346954346,-0.8426054120063782,1.1313509941101074,0.004326757043600082,1.7927416563034058,1.2300695180892944,-0.8874024748802185,0.29256781935691833,0.5794121623039246,-1.362286925315857,-0.6920149922370911,-1.2560852766036987,0.2964469790458679,-1.0178881883621216,-0.632840096950531,-1.3182275295257568,-0.48914462327957153,-0.5660424828529358,1.0594592094421387,0.5217468738555908,-0.25616493821144104,-1.286426067352295,0.02816614881157875,0.30112916231155396,-1.4837316274642944,-0.4200659990310669,-0.6315037608146667,1.3858377933502197,-2.331541061401367,-1.0980819463729858,0.01292349211871624,-1.2029786109924316,-0.6056374311447144,-0.2324899584054947,0.025480180978775024,-0.7758331298828125,0.14053469896316528,0.7312539219856262,-0.7441734671592712,-0.4994511008262634,0.08847041428089142,-1.1014080047607422,-0.12130610644817352,-1.8427554368972778,1.0419059991836548,-1.4925018548965454,-0.5496183633804321,-1.3700923919677734,0.05279969796538353,-0.5459339022636414,0.643315851688385,-1.4200493097305298,-0.8798152804374695,-1.7624046802520752,-1.0285210609436035,-0.30572056770324707,-1.7431889772415161,0.8458609580993652,0.014888360165059566,0.41932907700538635,0.6664596796035767,-1.446964144706726,0.7069341540336609,1.0728178024291992,2.01778244972229,-0.030310727655887604,-1.3828129768371582,0.11403167992830276,1.458359956741333,0.7442715764045715,1.5841044187545776,0.05307392776012421,-0.9190012812614441,0.7172011137008667,0.7500684261322021,-0.4975064694881439,0.5229414701461792,-0.49459025263786316
movielens20m.csv,1.6946626901626587,-0.5185123682022095,0.6910799741744995,0.6350978016853333,1.9527336359024048,-0.13478508591651917,1.615037441253662,0.265653133392334,0.3919617235660553,-2.848391532897949,-1.4759857654571533,0.21251541376113892,0.9214191436767578,0.3482089638710022,-0.20235860347747803,-0.36446183919906616,1.0911654233932495,1.901413917541504,1.0311976671218872,1.4400616884231567,-1.2826757431030273,-1.2332303524017334,-0.5145329833030701,0.6686273217201233,1.91341233253479,0.5816652774810791,0.563765823841095,0.38099217414855957,0.8931146860122681,-0.29186198115348816,0.48650991916656494,0.24202226102352142,0.8695957660675049,0.9584414958953857,1.7353018522262573,0.09179578721523285,0.14741116762161255,0.42400848865509033,0.25870460271835327,1.0681352615356445,-0.2953577935695648,-0.5347126722335815,-1.1474741697311401,-1.182243824005127,0.2845490574836731,-0.12177111953496933,0.6239396929740906,-1.8610846996307373,-1.04936945438385,1.2869492769241333,-1.3645658493041992,0.8081549406051636,-0.25445497035980225,-1.5150394439697266,-0.17553523182868958,0.7963343858718872,-1.2105249166488647,-0.660415530204773,0.7390310764312744,-0.40965577960014343,-1.9177615642547607,0.6262891888618469,-0.9058985710144043,2.9232418537139893,0.5414931178092957,0.5538693070411682,1.198248267173767,0.8133261799812317,0.5687157511711121,1.5210541486740112,-0.11966536194086075,-0.21386630833148956,-0.5621346235275269,1.5958400964736938,-0.5923361778259277,1.1952955722808838,-0.44866955280303955,0.8481572866439819,-0.4227800965309143,-0.7827406525611877,1.0764901638031006,0.7612031698226929,0.4910362660884857,-0.5752978324890137,-0.035387396812438965,0.2916155755519867,-1.0966553688049316,1.0409787893295288,1.2848536968231201,0.9539708495140076,-2.2103352546691895,1.1559768915176392,-2.1611268520355225,0.6955647468566895,0.5667176246643066,-1.6759637594223022,0.611162543296814,0.19023124873638153,0.9827336072921753,1.0256450176239014,0.0009007311309687793,1.3420816659927368,-0.41680797934532166,0.15654981136322021,1.2446131706237793,-0.08201723545789719,0.10961811989545822,-0.8538374900817871,0.6631481051445007,-1.72450590133667,1.3923678398132324,1.8906049728393555,0.39686352014541626,-1.122673749923706,1.2603318691253662,0.8635661005973816,-1.2012522220611572,-0.48766106367111206,1.3333110809326172,0.3470008373260498,-0.1296338438987732,0.8647254705429077,-0.7829906344413757,0.27443423867225647,0.09051097929477692,0.6999034285545349,1.388810634613037,2.332549810409546,-0.07391604781150818,0.10100255906581879,-1.8114596605300903,-0.4002407491207123,-1.6730097532272339,-0.9994819164276123,-0.05740724503993988,0.12935759127140045,0.6828691363334656,-0.6852763295173645,0.17088814079761505,-0.06792203336954117,0.46661731600761414,1.2086223363876343,-0.8689992427825928,-2.693110227584839,-0.008070789277553558,-0.9215433597564697,-1.2939918041229248,-1.1387081146240234,-1.0383563041687012,0.35328081250190735,-1.2903969287872314,1.3695416450500488,0.03652502968907356,0.7099301815032959,-0.05971955880522728,0.5996811985969543,0.3108595013618469,0.147333025932312,0.71910160779953,0.5737270712852478,-0.1062607616186142,-0.39576995372772217,0.43182843923568726,-1.003062129020691,0.7152330875396729,-0.40351223945617676,0.48786628246307373,-0.5620340704917908,-1.6296132802963257,-0.4961412847042084,-0.07224857807159424,0.43765121698379517,0.4025682508945465,-0.7684040069580078,-0.8501772284507751,-0.4932120442390442,-0.7531605958938599,-1.8293601274490356,-0.7676412463188171,1.3013339042663574,0.07487514615058899,0.7709900736808777,0.1735685169696808,-1.2646799087524414,0.1339157372713089,1.0710153579711914,-0.26740142703056335,-0.15376044809818268,-0.26999157667160034,2.1354267597198486,-0.04275268316268921,0.5274847745895386,0.47970736026763916,0.0813978835940361,-0.9280787110328674,1.3668501377105713,0.9281503558158875,-0.9970670342445374,0.26258593797683716,-1.3626015186309814
movielens1m.csv,0.6691617965698242,-0.9431157112121582,0.10161712765693665,-0.3554210364818573,0.08377871662378311,-0.2618485689163208,1.3055624961853027,2.0320279598236084,-0.8688045740127563,-1.513128399848938,-1.3552041053771973,1.4600775241851807,-0.5739482641220093,0.7631500959396362,-0.46633392572402954,-1.0824062824249268,-0.020537910982966423,0.31264153122901917,0.8111488819122314,2.097463369369507,-0.29745247960090637,0.3815520405769348,-0.6687049865722656,0.3778797388076782,0.7519843578338623,-0.22565998136997223,0.7424831390380859,0.4246075451374054,0.8699629306793213,-1.2852849960327148,1.2431286573410034,0.47184643149375916,1.1621434688568115,1.190459132194519,1.335345983505249,0.8383969068527222,0.6913520097732544,0.9294103384017944,0.208045095205307,-0.5221776366233826,0.1440194994211197,-1.133446455001831,0.17884089052677155,0.5037646293640137,1.3089662790298462,-0.10081597417593002,1.1127578020095825,-1.139783501625061,-0.2510681748390198,0.7644217610359192,-1.0017755031585693,0.25273314118385315,-0.4491751492023468,-1.5282760858535767,1.3901058435440063,0.29699358344078064,-0.31713631749153137,1.275328516960144,0.14670035243034363,-0.45559629797935486,-1.1086690425872803,-0.20566938817501068,0.16246123611927032,0.7565440535545349,-0.3601547181606293,0.7802509665489197,1.306537389755249,-0.30084654688835144,-0.1547313630580902,1.9906060695648193,1.2812806367874146,-0.1618930846452713,-1.1378674507141113,2.6081905364990234,-1.1983755826950073,0.16361437737941742,-0.6253618001937866,1.3949432373046875,0.03760368376970291,0.40421155095100403,0.9647501707077026,-0.40271690487861633,0.6740087270736694,-0.6114797592163086,0.4486527442932129,0.32421010732650757,-1.0020931959152222,-0.2834618389606476,-0.028408199548721313,-0.21037381887435913,-0.056175608187913895,-0.3058232367038727,0.09270883351564407,-1.4038634300231934,0.7732207775115967,-0.5225985646247864,-0.10311880707740784,0.13546821475028992,1.2257574796676636,0.7692521214485168,0.1825730800628662,1.1189074516296387,-0.2543768286705017,-0.21007244288921356,2.155468225479126,0.4762429893016815,1.5775948762893677,-0.6952269673347473,1.7417607307434082,-1.7951164245605469,0.17754678428173065,1.8325350284576416,0.6750060319900513,-1.7801324129104614,1.1697801351547241,0.07912224531173706,-0.49003729224205017,-0.8207744359970093,0.9146664142608643,0.153526172041893,-1.6462123394012451,0.22557339072227478,-0.21344277262687683,0.0367317721247673,-0.007579207886010408,1.434391975402832,0.2309442162513733,1.642791509628296,1.042152762413025,-0.4269503355026245,-0.16671650111675262,-1.1999057531356812,-0.7149754762649536,-0.04230356216430664,1.03870689868927,0.07632431387901306,0.11783340573310852,0.803466260433197,-0.8346104621887207,-0.021881604567170143,0.3366776704788208,0.9654778242111206,-2.071855068206787,-1.3510957956314087,1.2006938457489014,-1.3206307888031006,-0.3641457259654999,0.6054391264915466,-0.9460675716400146,-0.054696470499038696,-1.245395302772522,0.2340727001428604,-0.5220142006874084,0.5765212774276733,-1.9631359577178955,0.6916101574897766,-0.34712228178977966,-0.1991085261106491,0.3498360812664032,0.19875414669513702,-1.1159734725952148,-0.6577890515327454,0.18471471965312958,0.40804994106292725,0.05928899347782135,-1.9869215488433838,1.238951563835144,-0.7230361700057983,-2.079977035522461,0.3057090640068054,0.8663248419761658,0.8248556852340698,0.07458002865314484,-0.2506794333457947,-0.17051541805267334,-0.8942661285400391,-2.5936484336853027,-0.3031320869922638,-2.5259299278259277,2.7472195625305176,0.569495439529419,-0.011884023435413837,-1.2010527849197388,-0.8276531100273132,-0.2520829439163208,-0.5378137826919556,1.0718843936920166,0.1881410777568817,-2.135014772415161,1.569531798362732,-0.26009219884872437,0.23334245383739471,0.9149553775787354,1.482177495956421,-1.5920954942703247,1.6697808504104614,-0.1485464721918106,-2.3116321563720703,1.1129359006881714,-1.096738338470459
amazon-automotive.csv,1.085721731185913,-0.009860768914222717,0.021785682067275047,0.43586376309394836,-0.3699209988117218,0.5539745092391968,1.6863934993743896,0.6437007784843445,1.7501457929611206,-1.1838821172714233,-1.80740487575531,-0.7234445810317993,1.4007970094680786,1.3958134651184082,1.2116063833236694,0.042746007442474365,0.3363398611545563,0.4588238000869751,1.559952974319458,1.2521830797195435,-1.0906814336776733,-0.6822856664657593,1.0321906805038452,-0.4486740827560425,0.20546820759773254,-0.17290763556957245,0.7531115412712097,1.6817463636398315,1.379793643951416,1.3281681537628174,1.256162166595459,1.139357328414917,0.5401878952980042,0.7880455851554871,0.5699142813682556,0.8128533363342285,1.941545844078064,0.1661568135023117,-1.3093485832214355,1.4303988218307495,-0.018459396436810493,0.012998384423553944,-1.8425250053405762,-0.25861218571662903,0.4129546880722046,0.8476042151451111,0.02186151035130024,-1.3955286741256714,0.21305781602859497,1.813920497894287,-1.1314631700515747,-0.2229483425617218,-1.8699721097946167,-1.8557215929031372,0.5493870377540588,0.2295045256614685,-0.9036307334899902,-0.7014046311378479,-0.4395834803581238,-1.2352954149246216,-0.22661463916301727,-0.669378936290741,0.3359491229057312,1.1953949928283691,-0.7490625977516174,-0.5623496770858765,0.4978305399417877,0.9780151844024658,0.8091958165168762,1.7112579345703125,0.5639129281044006,0.27334165573120117,-0.9468908905982971,1.5350749492645264,-0.5631223917007446,1.1427193880081177,0.22519619762897491,0.027431650087237358,-0.9210875630378723,-1.4045344591140747,-0.6249551773071289,-0.4196338355541229,1.4521909952163696,0.10481467843055725,0.052695129066705704,0.4365169405937195,-1.9825130701065063,1.5506185293197632,0.05268529802560806,0.6036167740821838,-1.0602890253067017,0.5455964207649231,-0.8324854969978333,0.15102800726890564,1.4557150602340698,-0.3596757650375366,0.8199388384819031,-0.06308004260063171,0.635652482509613,1.3803819417953491,-1.1621911525726318,0.1244206503033638,-0.2166243940591812,-0.05774056538939476,1.4278428554534912,2.2020485401153564,-0.1285843402147293,-0.8719186782836914,1.124383568763733,-1.967780351638794,0.9555433392524719,1.3181606531143188,1.0381312370300293,-1.3236327171325684,0.29986879229545593,-1.928005576133728,-0.735751211643219,-0.35931074619293213,1.1494945287704468,0.7544026374816895,-0.927791953086853,0.8739197254180908,-0.8558738231658936,-1.9837219715118408,1.265658974647522,0.054404452443122864,-0.6432863473892212,0.7717158794403076,-1.131221055984497,-0.9447005391120911,-0.5564926862716675,0.6242682933807373,-0.46071237325668335,-0.7365480661392212,1.265654444694519,-0.6530516743659973,-0.5640437006950378,-0.8833926320075989,-1.3854613304138184,0.7746756672859192,0.5737757086753845,0.36046066880226135,-0.08700813353061676,-0.40375247597694397,-0.6543301343917847,-1.2387990951538086,-0.3128448724746704,0.9897980093955994,-0.6462208032608032,0.22242090106010437,-1.8453733921051025,0.41692936420440674,-0.6923420429229736,-1.1001149415969849,0.5858421921730042,-0.5873516798019409,1.7431505918502808,0.5586536526679993,0.9454719424247742,0.11919832229614258,-1.4482477903366089,0.17544017732143402,-0.6198675632476807,-1.1177276372909546,1.1397110223770142,-1.4141876697540283,0.08900713920593262,-1.5651189088821411,-2.2356340885162354,0.2130192071199417,1.2390729188919067,-0.3605331480503082,-0.7498034834861755,-0.7643606662750244,-0.5085453987121582,0.6552271842956543,-0.8281186819076538,-0.7128002047538757,-1.4176650047302246,2.0302088260650635,0.4882293939590454,1.2453027963638306,1.0994749069213867,-2.465100049972534,0.0025015880819410086,0.673584520816803,0.39939168095588684,-0.37879782915115356,-0.5009437799453735,0.267608642578125,-0.770426332950592,0.6946980953216553,0.8641884326934814,-1.0592414140701294,-0.20524108409881592,0.5966878533363342,0.892825722694397,-1.0205916166305542,1.0744973421096802,-0.12521086633205414
amazon-pet-supplies.csv,0.5234453082084656,-0.9588579535484314,-0.8044911623001099,-0.9151139259338379,0.9972877502441406,0.422456830739975,2.0878498554229736,0.4809604585170746,1.171026587486267,-1.79795241355896,-2.0466480255126953,0.602717399597168,-0.05534391477704048,-0.2782568633556366,-0.3014865219593048,0.10471893846988678,0.9796555042266846,0.20042435824871063,1.2619458436965942,1.5911123752593994,-1.259751319885254,-2.0608057975769043,0.1826031506061554,-0.5867724418640137,0.6347435712814331,-0.9499874114990234,0.6105694770812988,0.2421104907989502,0.2552862763404846,-0.4239911139011383,-0.9238540530204773,1.3059537410736084,0.4455656111240387,0.6860688924789429,1.40873384475708,1.3523097038269043,0.33878111839294434,-1.0541462898254395,-0.5604773759841919,1.4041560888290405,-1.3335498571395874,0.9240812063217163,-1.2585062980651855,0.7159020900726318,0.6411888003349304,1.4457684755325317,0.010244040749967098,-1.2547701597213745,-1.4806796312332153,0.6028370261192322,0.7422851920127869,-1.4478192329406738,-0.4643208682537079,-1.8713914155960083,0.02748235873878002,1.6552988290786743,-1.3127321004867554,0.1224767342209816,-0.06204725801944733,-0.23409323394298553,-0.35267919301986694,0.08187152445316315,0.010579658672213554,1.670698642730713,-0.7267873883247375,0.6199212074279785,-0.08151788264513016,-0.0857955738902092,-0.8851365447044373,0.17440265417099,0.8363660573959351,0.20514051616191864,-0.7489317655563354,2.2142348289489746,0.1794535219669342,0.1936400979757309,-1.2579857110977173,0.4264035224914551,-0.5728871822357178,-0.5098420977592468,-0.018986977636814117,-0.45462924242019653,0.5772598385810852,0.5841556191444397,-0.16537989675998688,-1.154687762260437,-0.9599387049674988,0.7671679258346558,0.24051715433597565,0.6307544112205505,-0.9664647579193115,-0.8862587213516235,-0.8549672365188599,-0.22235724329948425,1.5141764879226685,-2.538544178009033,-0.32066240906715393,0.41145017743110657,0.9523546695709229,0.06668445467948914,-0.7151252031326294,0.03297474607825279,-0.9288169145584106,-0.3079094886779785,0.7687564492225647,0.8352785110473633,0.40463361144065857,-1.1071679592132568,1.4612020254135132,-0.2575523853302002,-0.187552347779274,2.3164148330688477,0.6605316400527954,-1.1316401958465576,2.0725128650665283,-0.6122743487358093,0.1394445151090622,-1.2820911407470703,0.34049034118652344,0.020656466484069824,-1.1982266902923584,0.20248344540596008,-0.30838799476623535,-1.0371980667114258,1.6960766315460205,0.5196210741996765,-0.18303987383842468,0.7266897559165955,-0.5420808792114258,-1.0006085634231567,0.9430326819419861,-0.5776736736297607,-0.39248526096343994,-2.464834690093994,1.7022372484207153,0.027068281546235085,1.15253746509552,0.2788847088813782,0.1461067497730255,-0.17472559213638306,-0.7846930027008057,0.0360267274081707,0.2135351151227951,0.017674624919891357,0.6116241812705994,-1.6603584289550781,-0.5395182371139526,1.3608241081237793,-1.253712773323059,-0.3024182617664337,-2.138582468032837,1.600400447845459,-1.1804986000061035,0.4329189956188202,-0.15381120145320892,-1.3204277753829956,0.8475926518440247,0.44859734177589417,0.33391666412353516,-0.19885481894016266,-1.755802869796753,0.38157814741134644,-0.21362273395061493,-0.035146743059158325,0.252714067697525,-1.004740595817566,1.2916544675827026,-1.1873377561569214,-1.2690443992614746,0.09344238042831421,-0.08291307836771011,-0.3377994894981384,-0.26471370458602905,-0.05817299336194992,0.9317461252212524,0.1588248312473297,-0.17213568091392517,-0.23942382633686066,-0.15995433926582336,2.3052613735198975,-0.10887374728918076,1.2707242965698242,-0.1528860628604889,-1.4561454057693481,-1.2109425067901611,2.6502933502197266,0.5467641949653625,0.7677106857299805,-0.7535125017166138,-0.4759182035923004,0.6808997392654419,0.8212796449661255,2.5098230838775635,-1.2226247787475586,-1.9294328689575195,2.2315011024475098,0.3353709280490875,0.5852358341217041,0.19537244737148285,-0.07486619800329208
amazon-instruments.csv,2.057337522506714,-1.5571051836013794,1.0780779123306274,0.49226251244544983,-0.46904027462005615,0.35102760791778564,2.942528486251831,0.3372898995876312,0.40382200479507446,-2.4633991718292236,-1.518802523612976,-1.0743528604507446,0.42181262373924255,1.2452967166900635,1.832219123840332,-1.0878349542617798,-0.3648267388343811,0.4192682206630707,2.2119851112365723,0.7955966591835022,-0.47976815700531006,-1.8249986171722412,-0.9694068431854248,-0.017564984038472176,0.408365935087204,-0.9122830033302307,0.742043673992157,0.8570027947425842,0.16397665441036224,2.4401652812957764,1.006721019744873,-0.163128063082695,0.9204934239387512,0.12953412532806396,2.0726068019866943,0.7960125207901001,0.9965569376945496,-0.18924567103385925,-0.886448085308075,1.7320438623428345,-1.3297218084335327,0.5050079822540283,-1.1766537427902222,0.11308148503303528,0.1873197853565216,1.1587711572647095,0.2806624174118042,-0.6368519067764282,0.4393825829029083,1.953077793121338,-0.1854698359966278,-1.1292489767074585,0.17647281289100647,-1.1785424947738647,0.6371339559555054,1.5481194257736206,-0.6062302589416504,-0.6014782190322876,0.5137849450111389,-0.9087464809417725,0.26167768239974976,-1.6014742851257324,0.06026323139667511,1.188751459121704,-1.1107840538024902,0.5967230796813965,0.7314163446426392,0.8721883893013,0.7809868454933167,1.8496216535568237,0.95786052942276,-0.4630414843559265,-1.5120773315429688,1.7292749881744385,0.1938839703798294,-0.2155485451221466,-0.8583835959434509,0.4835010766983032,-1.4576735496520996,-1.2773410081863403,-1.1521549224853516,-1.031476616859436,0.22375667095184326,-0.24617348611354828,0.2517399787902832,-0.28052476048469543,-1.4973225593566895,0.14204785227775574,1.4456332921981812,0.16116277873516083,0.0313466414809227,-0.8630633354187012,-0.9983462691307068,0.10643565654754639,1.4447180032730103,-1.1241025924682617,0.15936614573001862,-0.8830220103263855,0.008355589583516121,1.2459802627563477,0.29035842418670654,1.2888140678405762,-0.8228158354759216,1.2555831670761108,1.080223798751831,1.5415080785751343,1.336391568183899,-0.6704931259155273,1.7575604915618896,-1.303614616394043,0.8383552432060242,1.1427440643310547,0.7125447988510132,-1.4109102487564087,0.03280574083328247,-1.3223652839660645,-0.9704983234405518,-0.4335237145423889,-0.3243829905986786,-0.4765414297580719,0.6843979358673096,0.35501042008399963,-0.22769604623317719,-0.1168222576379776,0.6455395221710205,0.1330161690711975,0.4354664981365204,0.7130999565124512,-0.68128901720047,-0.05448394641280174,-0.9979177117347717,0.03790848329663277,-0.0014454436022788286,-1.667842149734497,-1.066352367401123,-0.26318860054016113,0.15294420719146729,-0.6958903670310974,0.7760286927223206,-1.298299789428711,0.26553213596343994,0.6694262027740479,-0.6349074840545654,0.013514550402760506,-0.2885670065879822,-0.06993671506643295,0.7345113158226013,1.0828533172607422,-0.3518357574939728,0.04941988363862038,-0.98392653465271,0.16491803526878357,-1.279039740562439,0.6781802773475647,0.714824914932251,-0.7379004955291748,1.3860403299331665,0.7009840607643127,0.43635639548301697,-0.41550374031066895,-0.8865998387336731,-0.872002899646759,-0.03991544991731644,-0.11165345460176468,0.5372357368469238,-1.9387660026550293,0.346303254365921,-0.46592554450035095,-1.9940752983093262,0.47338998317718506,-0.24689027667045593,-0.4839712679386139,-0.8274997472763062,-0.5640980005264282,0.1851264238357544,-0.3496033251285553,-2.019805431365967,-1.0678435564041138,-1.3548794984817505,1.3618613481521606,0.16117611527442932,0.6784827709197998,-0.41026532649993896,-2.265733480453491,-0.4892049729824066,0.5580781698226929,-0.3334035575389862,-0.47807323932647705,-0.6650046110153198,1.426944375038147,0.6930760741233826,1.4982390403747559,-0.3367924690246582,-0.4146399199962616,-1.0686391592025757,2.0363874435424805,0.33608412742614746,-1.6806739568710327,0.5370641350746155,-0.1045622006058693
movietweetings_latest.csv,0.6724348068237305,-1.2232648134231567,-0.43540436029434204,0.10683514922857285,-0.8983898162841797,0.05506470054388046,1.5582793951034546,0.17821961641311646,-1.4815458059310913,-1.8408153057098389,-1.832478642463684,-0.9084007740020752,1.0863378047943115,0.06249836087226868,-0.05469100549817085,-0.7975327372550964,0.32237550616264343,1.1858634948730469,0.8351768851280212,1.6203389167785645,0.9592047333717346,-0.0455779954791069,-0.5889480710029602,-1.0741876363754272,1.5725312232971191,-0.3548719882965088,0.06837663799524307,0.5009956955909729,0.8746531009674072,1.5008323192596436,0.1905195415019989,-0.4657423496246338,0.07257919758558273,0.5132027268409729,0.35452038049697876,0.8641544580459595,1.101354718208313,-0.15898944437503815,0.3292115330696106,1.415780782699585,0.47376278042793274,-0.9525368213653564,-0.6555880308151245,0.578074038028717,0.5773637294769287,0.16243471205234528,0.7070636749267578,-0.43727990984916687,0.1708354353904724,1.7771079540252686,-0.0591348297894001,0.9547736644744873,0.22766469419002533,-1.8514002561569214,0.79754239320755,0.5783964395523071,-1.8895331621170044,-0.857848584651947,1.1074336767196655,-1.0711092948913574,-1.4730364084243774,-0.4651300311088562,0.6063600182533264,1.9264706373214722,-1.6201292276382446,1.2539199590682983,0.6127400994300842,0.0065979924984276295,1.4363374710083008,0.6224186420440674,1.3202011585235596,-0.30435895919799805,-0.11912811547517776,1.1448479890823364,-0.18016499280929565,1.0222080945968628,-1.2727956771850586,1.0378097295761108,-0.8098024129867554,-0.590741753578186,1.6228443384170532,0.778414785861969,-0.06337910145521164,-2.5176291465759277,0.29627126455307007,-0.9317152500152588,-2.504612445831299,0.2349305897951126,-0.18075551092624664,-0.4253474473953247,0.02651570364832878,0.9507786631584167,-1.0305941104888916,-0.6426432728767395,1.8294333219528198,-1.6803044080734253,-1.2820147275924683,0.2512776851654053,-0.11854136735200882,0.40006810426712036,-0.6477406620979309,-0.4102565348148346,-0.2739274203777313,1.6995480060577393,2.7093896865844727,0.7926326394081116,0.08136935532093048,0.10366988927125931,0.9688844084739685,-0.5943276882171631,2.1041946411132812,0.9763774871826172,-0.3761928081512451,0.24161815643310547,0.4844527840614319,0.2105156034231186,-1.059714436531067,0.45461541414260864,-0.45345601439476013,1.2320698499679565,-0.24217532575130463,1.4489449262619019,-0.06915546953678131,-0.41790613532066345,0.47199299931526184,0.3567926585674286,1.1888800859451294,1.2974992990493774,0.958017885684967,-0.8083419799804688,-0.7934911251068115,0.8986706137657166,-0.4386732578277588,-1.3537442684173584,-0.07948055118322372,-0.5894227027893066,0.7436639666557312,-0.1770450919866562,0.22487720847129822,-0.07910505682229996,-0.265982061624527,0.8982995748519897,-0.3417986035346985,-1.460817575454712,0.7651074528694153,1.3130239248275757,-1.907456636428833,0.1588110327720642,-0.9512752890586853,0.4299708902835846,-1.7759912014007568,0.48648762702941895,-0.30295082926750183,0.6831849217414856,-0.8228164911270142,0.1477036476135254,0.5179935693740845,-1.6886537075042725,1.7733758687973022,0.7724290490150452,-0.6683639883995056,-0.9300189018249512,-0.09203175455331802,0.7966403365135193,1.2100145816802979,1.019069790840149,1.0724822282791138,-1.533850908279419,-1.4486644268035889,-0.6584447622299194,1.763138771057129,0.08236977458000183,-1.964036464691162,-0.8167659044265747,-0.2839454412460327,-0.1312415599822998,-0.8732101917266846,-0.7523840069770813,-1.5525318384170532,0.4778920114040375,0.05261770635843277,1.0187162160873413,-0.6677675247192383,-2.158738613128662,-0.6363790035247803,0.1948668211698532,0.34961235523223877,1.0399425029754639,-0.24436843395233154,0.01748845912516117,0.10615125298500061,0.17992442846298218,0.9635809659957886,0.2022353857755661,-3.0298149585723877,0.6161662936210632,0.6529502868652344,-0.7092980742454529,0.08831902593374252,-1.0872166156768799
amazon-apps.csv,-0.041850149631500244,0.12868884205818176,-0.5423104763031006,-1.3198320865631104,0.020862681791186333,-0.220167338848114,1.1656471490859985,0.9995479583740234,1.1713321208953857,-1.602870225906372,-1.6184279918670654,-0.02329738810658455,-0.24186569452285767,-0.511458694934845,0.11511415988206863,0.7957465648651123,0.666781485080719,1.0772151947021484,1.0749640464782715,2.008162498474121,-1.6747170686721802,-1.8754510879516602,0.2378644198179245,-0.7179461121559143,0.3950854241847992,-0.5558738708496094,1.1900750398635864,0.6904960870742798,0.8784090876579285,0.20795732736587524,0.012310299091041088,1.304547905921936,0.6373119950294495,0.4982500970363617,0.9971601963043213,1.3692961931228638,0.9711573123931885,-0.5687968134880066,-0.37553367018699646,2.1301372051239014,-1.8114680051803589,-0.06846259534358978,-1.232498049736023,1.1022971868515015,0.624724268913269,1.2458527088165283,-0.04987192898988724,-1.1013778448104858,-0.30729949474334717,0.5861696004867554,-0.8929160237312317,-1.5429247617721558,-1.261277198791504,-1.1494488716125488,0.41976988315582275,0.5697858333587646,-1.4464573860168457,-0.21082285046577454,-0.6996800899505615,-0.45806291699409485,-0.09026918560266495,-0.543678879737854,0.6760988831520081,1.4045966863632202,-0.056441646069288254,1.6125320196151733,0.02104867808520794,0.38261696696281433,0.34422561526298523,1.1936893463134766,0.9463086724281311,-0.11620084196329117,-0.21753932535648346,2.522414207458496,-0.2639223337173462,-0.13650478422641754,-0.6422688364982605,0.6576186418533325,0.6908338665962219,0.3259243965148926,-1.0616637468338013,-1.2191702127456665,0.3567017614841461,0.9443764090538025,-0.3395543694496155,-0.5055921077728271,-1.2685058116912842,1.7085833549499512,-0.23647849261760712,0.9266723394393921,-0.5753438472747803,-0.14951258897781372,-0.6926475167274475,0.5522016286849976,1.1695733070373535,-1.7627127170562744,-0.7701670527458191,-0.2713916301727295,0.1502777487039566,-0.2851484715938568,-0.4793412387371063,-0.04617080092430115,-0.6156471967697144,0.21802043914794922,0.5251809358596802,1.4183285236358643,0.006231188774108887,-0.748988687992096,1.1441316604614258,-0.6555814146995544,0.336534708738327,3.0260913372039795,0.7625914216041565,-1.8562815189361572,1.7788563966751099,-1.4238170385360718,-0.5528447031974792,0.34876778721809387,0.9032204151153564,0.321161150932312,-0.649562656879425,0.19471625983715057,-0.07785902172327042,-0.9480509161949158,1.3345105648040771,-0.45538994669914246,0.9614591002464294,0.7385141849517822,-1.4584146738052368,-0.42912620306015015,-0.4751245379447937,0.5359825491905212,-0.23621386289596558,-1.543901801109314,1.414520025253296,-0.8022990226745605,1.3874974250793457,0.3480002284049988,-0.48993176221847534,0.43398740887641907,-1.219145655632019,0.5034051537513733,-0.7115514874458313,-0.03750667721033096,0.9220975041389465,-1.9464805126190186,-0.14727190136909485,0.696542501449585,-0.25288575887680054,-0.20150475203990936,-2.215113639831543,1.2847023010253906,0.04450364410877228,0.620166003704071,0.3671283423900604,0.17766830325126648,2.45499849319458,0.34634578227996826,0.5859593152999878,-0.360871821641922,-1.5801048278808594,-0.19207994639873505,0.6429200768470764,-0.2159959226846695,0.07423815876245499,-1.9435385465621948,1.1845203638076782,-1.569187045097351,-1.8441709280014038,0.5238117575645447,0.3447229862213135,-0.61858069896698,0.2656131982803345,-0.924445629119873,-0.565313458442688,0.8791073560714722,-0.3945199251174927,-0.6849104762077332,-0.40017271041870117,2.5658926963806152,0.9714276790618896,0.7827655673027039,0.4886479079723358,-0.9558768272399902,0.07535944879055023,2.095515251159668,0.35581547021865845,0.10861241072416306,-0.8821411728858948,-0.418174147605896,0.7248786091804504,0.443519651889801,2.332486391067505,-1.5225811004638672,-1.1160888671875,2.251563549041748,0.6818405985832214,-0.23765672743320465,-0.042080361396074295,0.08151981979608536
amazon-games.csv,0.5906628966331482,-0.09287747740745544,0.5382918119430542,-0.6305528879165649,-0.003987128846347332,0.35640445351600647,2.5732040405273438,0.46133512258529663,0.30730584263801575,-1.8862253427505493,-1.8183679580688477,-1.3909424543380737,0.6242178678512573,0.7690174579620361,0.21593724191188812,0.15433737635612488,-0.29490044713020325,0.6349971890449524,1.0410078763961792,1.0048946142196655,-1.7978849411010742,-1.790738582611084,-1.071099042892456,0.8227153420448303,-0.2832736372947693,-1.1164463758468628,-0.6379519104957581,2.059272050857544,1.495434045791626,0.5708537697792053,-0.7484174370765686,-0.0006771508487872779,0.19574184715747833,1.4592911005020142,1.8369337320327759,2.1028454303741455,1.0466328859329224,-0.45651036500930786,-0.4287450313568115,1.4523838758468628,-2.26833176612854,0.12165673822164536,-1.200363278388977,0.17898574471473694,1.2486838102340698,0.9746900200843811,-0.05784980207681656,-0.5650114417076111,0.5387939810752869,0.8221240639686584,0.126814603805542,0.016606047749519348,0.349395215511322,-2.1207313537597656,-0.2109106481075287,0.6673054695129395,-0.5270925164222717,-0.24823519587516785,-0.16154617071151733,0.09342709183692932,-0.2716784179210663,-1.0882943868637085,1.2422479391098022,1.7095935344696045,0.020871248096227646,-0.03538292273879051,1.4749040603637695,-0.38209888339042664,0.8907300233840942,1.660133719444275,1.6271692514419556,-0.6272386312484741,-1.5884134769439697,2.3064630031585693,-0.5488426089286804,0.5957349538803101,-2.1192002296447754,1.7372832298278809,-1.4403542280197144,0.04652155563235283,-0.5722908973693848,-0.5929774641990662,0.21346527338027954,-0.5584694147109985,-0.30944982171058655,-1.1350237131118774,-2.3250913619995117,0.3304729461669922,0.9633733630180359,1.107315182685852,0.18375350534915924,0.4883566200733185,-1.5677952766418457,-0.23049025237560272,1.467455267906189,-0.9654784202575684,-0.27275392413139343,-0.8852560520172119,0.19646498560905457,0.714402437210083,0.6075828075408936,-0.38075003027915955,-0.3109949827194214,-0.38320061564445496,1.516704797744751,2.4450533390045166,-0.5925830006599426,0.11027664691209793,1.4765115976333618,-0.14169684052467346,0.4965268671512604,1.0568819046020508,0.8697971701622009,-0.9269700646400452,0.21282413601875305,-1.3779410123825073,-0.16067640483379364,-0.26953020691871643,-0.07580510526895523,-0.06780358403921127,-0.13301855325698853,-0.680990993976593,0.5613618493080139,-1.2458943128585815,1.0787343978881836,-0.5862035155296326,0.864643394947052,0.9145722985267639,-0.6997140645980835,0.524671196937561,-0.05343294143676758,-1.056594967842102,-1.3309612274169922,-2.103485345840454,0.14849267899990082,-0.3542923629283905,0.27319660782814026,-1.3941129446029663,-0.2139315903186798,0.6074167490005493,-0.9914001226425171,-0.14976052939891815,-1.0919228792190552,-1.1893316507339478,-0.5097534656524658,-0.5750448107719421,-1.0117779970169067,0.6426035761833191,0.8256584405899048,-0.10064589232206345,-0.8803941607475281,1.7974021434783936,-0.474925696849823,-0.8894655704498291,0.18476906418800354,-1.1628532409667969,1.3494056463241577,0.5043541789054871,0.535730242729187,0.20950204133987427,-0.45070138573646545,0.38559091091156006,0.3945141136646271,-0.15868417918682098,1.0687423944473267,-2.0659701824188232,0.5063740611076355,-0.7136976718902588,-0.8497132658958435,0.19559945166110992,1.15584135055542,-0.12754660844802856,0.298759400844574,0.34903427958488464,0.22287742793560028,-1.112174153327942,-0.8569374680519104,0.5159403681755066,-0.5481882691383362,2.4980180263519287,0.3217103183269501,1.5090885162353516,0.48165521025657654,-1.2056374549865723,-0.6570129990577698,1.8264555931091309,0.8620845079421997,0.41650575399398804,-0.3495303988456726,0.3692643642425537,1.2633845806121826,1.0409519672393799,0.7939246892929077,-0.7858535647392273,-1.3606449365615845,-0.1356547772884369,0.6730750203132629,-1.1945667266845703,0.2489224374294281,-0.19160443544387817
