amazon-instruments.csv,0.21251529455184937,0.23259001970291138,-0.6252180933952332,-0.6320518851280212,-0.3923393487930298,0.07777799665927887,-0.9203717708587646,1.0088356733322144,0.7871072888374329,-0.04806964471936226,-0.8724620938301086,-2.444911241531372,0.7399808764457703,-0.7906085252761841,-0.5073676109313965,0.15072335302829742,0.535820722579956,1.286025881767273,0.686248779296875,-0.67365962266922,0.9573270082473755,-1.311845302581787,-0.42790403962135315,-0.9274263978004456,2.080078125,1.0175061225891113,0.6119080781936646,-0.9280415773391724,-1.3946642875671387,0.656135082244873,-1.5214089155197144,-0.699033260345459,0.10649532824754715,-0.3897063434123993,-0.44038307666778564,0.08507118374109268,0.14971932768821716,-0.09333488345146179,-0.4113163650035858,1.1793311834335327,-0.6035864353179932,-0.9591729640960693,-0.7917109727859497,1.2130889892578125,-0.5587513446807861,-0.25766459107398987,0.08910660445690155,-0.029675140976905823,-1.0796394348144531,1.032280683517456,1.2648069858551025,0.2624313533306122,0.32571616768836975,-0.6075944900512695,1.03694486618042,1.0619345903396606,1.313821792602539,-1.677679419517517,1.413342833518982,1.9946906566619873,0.03698394075036049,0.040238648653030396,-0.8262977004051208,-1.357832670211792,1.6684976816177368,2.5651097297668457,-0.887611448764801,-1.0394818782806396,-0.8572929501533508,0.7438851594924927,1.0110172033309937,-1.0318517684936523,-0.7924032807350159,1.7321462631225586,0.2607758045196533,-0.7951629757881165,-0.5903137922286987,0.03595989942550659,0.0890207514166832,0.1110706701874733,0.7406085729598999,-1.986829161643982,1.1999295949935913,0.8154363036155701,2.3141472339630127,-0.07709737867116928,2.07368803024292,0.20196962356567383,0.7440758347511292,-0.3180354833602905,-0.1251032054424286,0.36830466985702515,-0.35976874828338623,1.2684926986694336,0.35097306966781616,1.1876375675201416,-0.16155436635017395,-1.6842399835586548,-1.4088493585586548,-0.2534574568271637
amazon-clothes.csv,-0.9231851696968079,0.5737910270690918,-0.8430101275444031,-1.61269211769104,0.004648509435355663,-0.08808416873216629,0.009312568232417107,1.4045300483703613,1.8249833583831787,0.0018652224680408835,-0.7236000299453735,-1.1843281984329224,-0.5906659960746765,-1.0778707265853882,1.6583298444747925,0.6233969330787659,0.43769270181655884,1.9907795190811157,0.5370690226554871,0.2720438838005066,0.5919533967971802,-0.1872972846031189,0.4476781487464905,-0.8595321774482727,2.5477163791656494,0.31727612018585205,0.47616615891456604,-0.061051275581121445,-0.12023729830980301,-0.4385633170604706,-0.9925038814544678,-0.805931806564331,0.6633473634719849,-1.7440991401672363,-0.6940568685531616,-0.5852572321891785,0.43974530696868896,-0.1715255230665207,-1.0461094379425049,1.2607389688491821,-0.1300973892211914,-0.7095199227333069,-0.47039559483528137,0.094195157289505,0.1554650366306305,0.3712080121040344,-0.316777765750885,0.24282991886138916,-1.2538765668869019,0.5569426417350769,1.0514163970947266,0.858151912689209,0.2587461769580841,-0.5820357203483582,-0.5132595300674438,-0.4736073613166809,0.7199558615684509,-2.1793112754821777,1.724927306175232,1.5474958419799805,0.5234510898590088,-1.5923285484313965,-0.7590953707695007,-0.7135851383209229,1.492579460144043,2.0648276805877686,-0.6651648879051208,-1.0362144708633423,-1.1773737668991089,1.2967054843902588,1.6230212450027466,-1.2291964292526245,0.28210368752479553,0.9597052335739136,0.8739672899246216,-1.391674280166626,-0.5021902322769165,0.31485602259635925,0.19263093173503876,-0.03203827515244484,-1.2359020709991455,-1.539086103439331,1.0781075954437256,-0.1388353556394577,1.8326289653778076,0.11005604267120361,1.8004748821258545,0.7041801810264587,1.3118678331375122,-0.1746545433998108,-1.6170803308486938,1.1995495557785034,-0.14881841838359833,1.452582597732544,0.6254124641418457,-0.1531241536140442,0.18218623101711273,-0.4882204532623291,-1.2084652185440063,0.3145284056663513
amazon-garden.csv,0.3105916380882263,-1.3601003885269165,-0.8651313781738281,-0.18068791925907135,-0.5133017301559448,-0.9227330088615417,-1.2664746046066284,1.6245849132537842,0.550819993019104,-0.31150147318840027,-0.8956288695335388,-1.361656665802002,1.130736231803894,-0.4640723764896393,1.3763123750686646,0.21030789613723755,-1.281880497932434,1.1627678871154785,1.3951988220214844,-0.32884481549263,-0.0027130385860800743,-1.646979570388794,0.7532556056976318,-1.3319013118743896,1.7157142162322998,1.870185375213623,-0.7909913063049316,1.1007894277572632,0.36286988854408264,0.060149896889925,-0.008486111648380756,-0.8863008618354797,0.7997700572013855,-0.37181320786476135,0.13666366040706635,0.7167128324508667,-0.5412326455116272,-1.0942504405975342,-1.0276870727539062,2.1019346714019775,0.7162163257598877,-0.7836860418319702,0.550224781036377,0.5915053486824036,-0.5721997022628784,0.48932817578315735,-1.390638828277588,-0.553204357624054,-0.6963701248168945,0.20249833166599274,0.8305732011795044,0.0547029934823513,0.7065403461456299,-0.9452224373817444,1.585189938545227,1.9661750793457031,0.5757777690887451,-1.9337338209152222,0.982872486114502,1.4349063634872437,-0.12816131114959717,-1.4652609825134277,-0.0979660227894783,-0.5338364243507385,0.8955143690109253,2.131258726119995,-0.35054492950439453,-0.059183020144701004,-0.5334250330924988,0.0523538701236248,1.35448157787323,-0.8854260444641113,-1.2285423278808594,0.8258184790611267,0.12121982127428055,-0.5585097670555115,-0.1928577721118927,-0.0573953278362751,-0.6364948153495789,-0.3820074796676636,0.1675264686346054,-2.046417236328125,1.0336086750030518,0.9459803700447083,1.710890531539917,-0.3608824610710144,2.013875961303711,-0.2196178287267685,1.6811244487762451,-0.3944280743598938,0.0027138942386955023,0.6918171644210815,-0.49224480986595154,1.7821340560913086,0.4911673069000244,-0.12381535768508911,0.3730156421661377,-0.8775115013122559,-0.766005277633667,-1.1220790147781372
tripadvisor.csv,-0.8221931457519531,-0.8108940124511719,0.23454004526138306,0.17865486443042755,1.909994125366211,-0.5066753029823303,0.28404679894447327,1.510182499885559,0.9092808961868286,-0.4859536290168762,-0.5910707712173462,-2.47330379486084,-0.5133554935455322,-0.07064653933048248,0.7808902859687805,-0.78066086769104,-0.30799856781959534,2.0093119144439697,0.5590393543243408,-0.05770629271864891,-0.4316939115524292,0.6748689413070679,-0.1530897170305252,-1.1218080520629883,1.1587895154953003,0.12554895877838135,0.18294426798820496,-0.7742612957954407,-0.5131967067718506,0.041022319346666336,-0.29937905073165894,0.37523218989372253,1.4485775232315063,0.14960689842700958,0.7445253729820251,0.20250628888607025,-0.14307275414466858,-1.5737088918685913,0.40940847992897034,1.3876172304153442,-0.24505013227462769,-1.307839274406433,1.4553955793380737,1.2754316329956055,-0.17365530133247375,0.5417956709861755,-0.40368223190307617,0.9683567881584167,-0.27393391728401184,0.8122401833534241,1.517582654953003,0.5501850843429565,1.984702467918396,-1.4721726179122925,0.33349844813346863,0.4014875590801239,0.700465202331543,-0.8035598397254944,0.6843525767326355,1.5427058935165405,0.693787157535553,-1.676650881767273,-0.8207048773765564,-2.0985100269317627,1.3929405212402344,1.271290898323059,-0.1548866629600525,-0.9373239278793335,-1.201244592666626,0.08163925260305405,0.614857017993927,-0.7442087531089783,-0.43146198987960815,1.1086218357086182,-0.23621004819869995,-0.6499271392822266,-1.2979321479797363,-0.46381688117980957,-0.8777109980583191,-0.7002579569816589,-0.6641845703125,-0.7053375840187073,0.4831656217575073,0.20542427897453308,1.0570611953735352,0.46835213899612427,0.9039353728294373,0.8920910954475403,2.3363213539123535,-0.924321174621582,-1.794903039932251,1.1347681283950806,0.29986146092414856,1.757025122642517,1.8092195987701416,-0.5137595534324646,-0.5500450134277344,-1.4831935167312622,-1.2174794673919678,-0.7335930466651917
amazon-kindle.csv,-0.4888061583042145,1.1843373775482178,-0.41547614336013794,-0.516359806060791,0.5942965745925903,-0.3601047396659851,-0.0017782531213015318,1.2868545055389404,0.6392656564712524,-0.8213035464286804,-0.29985755681991577,-1.4129348993301392,-0.46735483407974243,0.824735701084137,0.8214427828788757,0.26101747155189514,-0.525963544845581,1.0940136909484863,-0.1343580037355423,0.3454720079898834,0.46544209122657776,-0.14065143465995789,1.0340981483459473,-0.16026625037193298,2.1361682415008545,1.153317928314209,0.43181291222572327,-0.9304132461547852,0.6027370095252991,0.64869225025177,0.4638524055480957,-1.1582695245742798,0.26170414686203003,-1.4240559339523315,-1.4618730545043945,0.47285783290863037,0.30222779512405396,-1.529017686843872,-0.7328425049781799,1.4504027366638184,-0.8008904457092285,-1.1132228374481201,0.1195032149553299,0.6636095643043518,-0.07322192937135696,0.4343607425689697,-0.5732910633087158,-0.1762986183166504,-0.5776141285896301,1.3269659280776978,0.34404662251472473,0.21654292941093445,0.6492985486984253,-1.6819288730621338,0.7324198484420776,0.8207329511642456,1.8641856908798218,-2.1801328659057617,0.6541839241981506,1.1523536443710327,0.1718418449163437,-1.842658519744873,-0.9748454093933105,-0.6810017824172974,2.0230400562286377,1.6725656986236572,0.11233589053153992,0.23752759397029877,-1.3746931552886963,0.39824819564819336,0.34535861015319824,-1.9182699918746948,-0.9584550857543945,1.7637009620666504,0.8766956329345703,-1.4261283874511719,-1.3921421766281128,0.4748864769935608,0.4928903877735138,-0.21436837315559387,-0.36704352498054504,-1.2857542037963867,0.609207034111023,-0.6602419018745422,1.9922133684158325,-1.4946502447128296,0.8537241816520691,0.2982807457447052,0.9266203045845032,0.06434316188097,-1.034325361251831,1.0624279975891113,0.4613589644432068,2.8094747066497803,-0.04239165037870407,0.12734077870845795,0.7535830140113831,-1.0566325187683105,-0.4527055621147156,0.0007061248761601746
amazon-apps.csv,0.18196599185466766,0.11070208251476288,-1.0966835021972656,-0.043488405644893646,0.3652917444705963,-1.8366408348083496,-1.0993685722351074,1.295673131942749,1.0646308660507202,-0.11014202237129211,-0.5839702486991882,-1.2556700706481934,1.0475523471832275,-1.4983279705047607,0.09178657084703445,0.9288046360015869,0.5815379619598389,0.5366854667663574,0.7005535364151001,-0.7525343894958496,1.0581549406051636,-0.4495934545993805,-0.327508807182312,-1.369444727897644,1.5912410020828247,0.8211219310760498,0.7423845529556274,-0.23162324726581573,-0.007068926934152842,0.334136962890625,-0.042871832847595215,-1.6010903120040894,0.44734084606170654,-0.14217795431613922,-0.15930065512657166,0.4707467257976532,0.6485962867736816,-1.1862353086471558,-0.6862291693687439,0.6098289489746094,0.11477622389793396,-1.4172489643096924,-0.3816271126270294,1.9297338724136353,-0.6223177909851074,1.9126707315444946,0.9093030095100403,0.9228949546813965,-0.896221399307251,-0.2405751645565033,1.2834810018539429,-1.793525218963623,0.19338472187519073,0.09413007646799088,0.4465535581111908,0.732742190361023,2.420731544494629,-1.284203052520752,0.3558477461338043,1.3974008560180664,0.22990953922271729,-1.567562222480774,0.3762146830558777,-1.1377720832824707,1.8826414346694946,1.2960028648376465,0.022396430373191833,1.9105887413024902,-1.7835428714752197,-0.06507934629917145,-0.6563112139701843,-0.04978995770215988,0.026080654934048653,0.6189730763435364,1.3674436807632446,-0.8026875853538513,-0.35607340931892395,0.06256338208913803,0.22556109726428986,-0.445098876953125,0.2808597683906555,-2.133826971054077,0.45293286442756653,-0.08308234810829163,1.2900002002716064,0.10649535059928894,0.25948283076286316,0.4246674180030823,1.2144757509231567,1.0066897869110107,-0.30403563380241394,2.657426595687866,-0.29392290115356445,1.0852209329605103,-1.3182774782180786,0.6014171838760376,-1.0351531505584717,-1.1133958101272583,-0.8276599049568176,-0.5164496302604675
yelp.csv,-0.16194050014019012,-0.11265332251787186,-1.5630595684051514,-1.523512363433838,-0.36484453082084656,0.4257124364376068,-0.9922511577606201,2.0830652713775635,0.9198675751686096,0.04653716832399368,0.09503030776977539,-0.47644269466400146,-0.38563477993011475,-1.3547604084014893,-0.0773783028125763,-0.24831295013427734,0.5469943881034851,1.9888181686401367,1.4841434955596924,-0.14133045077323914,-0.27476298809051514,1.657159686088562,-0.357372909784317,-0.6675211787223816,1.496452808380127,0.7016129493713379,0.5014500617980957,0.18593358993530273,1.098717451095581,1.6017659902572632,-0.45244109630584717,-1.4315859079360962,1.553290843963623,-0.3996201455593109,-0.03907792270183563,-0.4328329861164093,0.37545448541641235,-0.7702415585517883,-0.940350353717804,0.3486548960208893,-0.8406932353973389,-0.5031916499137878,-0.05298928543925285,0.608696460723877,-0.3311370015144348,1.0735652446746826,-1.8692083358764648,-0.7249476909637451,-1.2347012758255005,1.453522801399231,0.48503443598747253,0.039909590035676956,-0.9937059879302979,0.5628630518913269,-0.7090628743171692,1.294961929321289,1.6289088726043701,-2.2686822414398193,0.63291335105896,0.8378098011016846,0.17734462022781372,-0.18082840740680695,0.5795402526855469,-0.5042198300361633,1.5098683834075928,1.3622201681137085,0.0253274105489254,1.0835342407226562,-1.8499157428741455,0.6022917628288269,0.330751895904541,-0.7100231051445007,-1.0325042009353638,1.6328586339950562,0.6739068031311035,-1.6203181743621826,-0.6092273592948914,0.5244121551513672,-0.496891051530838,-0.3759439289569855,0.13209401071071625,-0.6874486804008484,0.2897084355354309,-0.7076045870780945,1.4270650148391724,-0.7669916152954102,1.2148250341415405,0.280460387468338,0.8269421458244324,-0.8810588121414185,-0.7997317910194397,1.8014140129089355,-0.11025410145521164,2.8830835819244385,-0.09631683677434921,-1.1122779846191406,-0.12805911898612976,-0.3506947159767151,-0.4283210337162018,-1.194732666015625
movielens1m.csv,-0.5347036719322205,-0.32282665371894836,0.5462643504142761,-0.5400470495223999,-0.9928544163703918,-0.6304929852485657,0.45857784152030945,1.9906837940216064,-0.503141462802887,-0.3143000900745392,-0.7440600395202637,-2.333199977874756,-1.6151797771453857,-1.6595584154129028,-0.9772132635116577,1.145556926727295,0.3863987922668457,1.2266247272491455,0.15503522753715515,0.7528891563415527,-0.9768140316009521,2.011282444000244,-0.5087409019470215,-1.372918725013733,0.5681552290916443,0.6830430626869202,0.07202011346817017,-0.2058895081281662,-0.48892104625701904,0.8285970687866211,0.5378934741020203,-0.7391756772994995,-0.9663973450660706,-0.014041563495993614,-1.076814889907837,-0.7379186749458313,0.12026748061180115,0.3294728398323059,-0.6048510074615479,0.1537439078092575,-0.9114987850189209,-0.22641368210315704,0.6767646670341492,2.1416380405426025,-1.1311806440353394,1.2087773084640503,-1.0403900146484375,0.6163870692253113,-0.9330015182495117,-0.19959113001823425,1.4115842580795288,0.8858146071434021,0.3749859631061554,-1.2612289190292358,0.432618647813797,1.4850162267684937,1.5178616046905518,-0.6670246720314026,0.6826763153076172,1.809006929397583,-0.11038730293512344,-1.774221658706665,-0.4448903203010559,1.3448030948638916,0.7526736855506897,1.5640056133270264,-0.2857734262943268,-0.6726006865501404,-0.020653052255511284,0.3111652731895447,0.23073680698871613,0.6374668478965759,-0.9592252969741821,0.4419708549976349,0.9838262796401978,-2.385849714279175,0.2200528234243393,-0.6365823745727539,0.4679615795612335,-0.22141094505786896,0.4457080364227295,-1.8477697372436523,0.24209964275360107,0.8829483985900879,0.9888866543769836,0.6127169728279114,2.361201763153076,-0.13943041861057281,1.30976402759552,0.49357670545578003,-0.5303638577461243,1.0489792823791504,-0.13370811939239502,1.2056009769439697,0.5969837307929993,-0.08166481554508209,-0.5025559067726135,-1.8201717138290405,-0.9406769275665283,-1.0613386631011963
amazon-health.csv,-0.8097087740898132,0.005368908867239952,-1.199874758720398,-0.3346097469329834,0.1503494679927826,-0.19877175986766815,-0.778771162033081,1.3777296543121338,1.4523074626922607,-0.8417167067527771,0.2207249253988266,-2.2829129695892334,-0.5862414240837097,-1.0910357236862183,0.43233826756477356,0.7946726679801941,-0.4534478783607483,2.1751081943511963,-0.25806766748428345,-0.25881415605545044,0.3757235109806061,0.38284197449684143,-0.43056002259254456,-0.5369023084640503,1.8110624551773071,-0.005528680048882961,0.230056032538414,0.6768100261688232,0.6552473902702332,0.5209348201751709,0.5109857320785522,-1.6826413869857788,1.5454254150390625,-1.0427647829055786,0.45287758111953735,-0.10111165791749954,-0.5851592421531677,-0.5994906425476074,-0.5204343795776367,1.4837590456008911,0.81489497423172,-1.6514703035354614,-0.4156918227672577,1.435868740081787,-1.8826894760131836,0.5994983911514282,0.9987249374389648,0.018615178763866425,-1.3926405906677246,0.2344835251569748,1.0577428340911865,0.0715920478105545,0.9589248895645142,-0.4695805609226227,0.29622671008110046,0.538299024105072,1.2807344198226929,-1.9218933582305908,0.33036619424819946,1.7910616397857666,-0.3363229036331177,-1.7177181243896484,0.3108550012111664,-1.6084970235824585,1.2091929912567139,0.9928742051124573,-0.2791585326194763,-0.2400752305984497,-0.3992059826850891,0.23197975754737854,0.09827063977718353,-0.5594089031219482,-0.9334560632705688,1.8113313913345337,1.0105520486831665,-1.533577561378479,-0.5310586094856262,-0.04015183821320534,-0.8162121176719666,0.6316871643066406,-0.7909578680992126,-1.8294674158096313,-0.12237171083688736,-0.36065489053726196,1.3616416454315186,-0.500575065612793,1.3932634592056274,0.26172104477882385,1.666747808456421,-0.7200573086738586,-1.6170295476913452,1.4831762313842773,0.1813356578350067,1.9981133937835693,0.5716503262519836,0.2048434168100357,-0.1623370349407196,-0.9544763565063477,-0.8565746545791626,-0.7419782876968384
movielens100k.csv,0.3947139084339142,0.14588746428489685,-1.9494694471359253,-1.0380239486694336,1.0982000827789307,0.9172090888023376,0.7874451279640198,0.53607177734375,0.6907644271850586,-1.1103214025497437,-0.01466327253729105,-3.0671615600585938,1.3784518241882324,-1.0138200521469116,-2.5706872940063477,-0.9120989441871643,-1.2275642156600952,0.15297822654247284,0.05998095124959946,0.8601155281066895,0.7411223649978638,-0.21956023573875427,1.0477497577667236,-1.3396693468093872,1.205629587173462,-0.37263479828834534,-0.2694569528102875,0.7705037593841553,-0.3508153259754181,0.36238592863082886,1.4158207178115845,-1.577401041984558,1.9872932434082031,0.5365700125694275,-0.24346208572387695,-0.056175343692302704,1.0294547080993652,-1.4719535112380981,-0.09136202931404114,2.9569575786590576,-1.0541967153549194,-0.0169938113540411,0.05786960572004318,1.1106103658676147,-0.6026635766029358,-0.6382225155830383,-0.5732656717300415,0.29875802993774414,-1.897100806236267,-0.4551897943019867,1.504290223121643,-1.0534183979034424,0.5966091752052307,-0.7132847905158997,-0.22770802676677704,0.5792801380157471,1.0160517692565918,-1.076210379600525,0.6600058674812317,0.27189069986343384,0.0328356958925724,-0.23745594918727875,-0.2058705985546112,0.4447558522224426,0.6599056720733643,0.8225613236427307,1.2152296304702759,-0.034675195813179016,-0.6791374683380127,0.9728497266769409,-0.7621040940284729,-0.054572224617004395,-0.1895809769630432,1.492502212524414,1.2402604818344116,-2.192148447036743,0.0312972366809845,0.16910958290100098,-0.3270758092403412,0.39223045110702515,-0.2362663894891739,-1.0324409008026123,1.0407954454421997,0.16609448194503784,0.9499910473823547,0.6276564598083496,1.5381251573562622,-0.9528877139091492,1.4468703269958496,-0.3461551368236542,0.067444808781147,0.526324987411499,-0.2730478346347809,0.9713401198387146,0.7778196334838867,0.5682446360588074,-0.700880229473114,-0.6249094605445862,-0.8130618929862976,-0.47492340207099915
amazon-pet-supplies.csv,-1.8274661302566528,-0.581135094165802,-0.6147856116294861,-1.4500386714935303,-0.17992086708545685,-0.1597937047481537,1.0024816989898682,1.0741454362869263,0.8497113585472107,-0.4398992657661438,-1.7937639951705933,-2.1978907585144043,0.37369778752326965,-0.5381858348846436,1.4478768110275269,-0.21706588566303253,-0.35322821140289307,2.487173557281494,0.8572977781295776,-0.1877908855676651,0.39317402243614197,0.20432794094085693,-0.07433074712753296,-0.6466740369796753,1.7754713296890259,-0.9798141121864319,0.5586615204811096,0.580596923828125,-0.29646819829940796,0.5031081438064575,-1.0696476697921753,-2.0006957054138184,0.3234403729438782,0.5003889203071594,0.3876955211162567,0.19031046330928802,-0.07636702805757523,-0.4873862564563751,-0.7754226922988892,1.3935222625732422,0.7763897776603699,-1.4567369222640991,0.7339572310447693,0.08741731196641922,-1.2124576568603516,0.5085168480873108,0.05150750279426575,0.13032108545303345,-0.7916682958602905,0.2419501394033432,0.10919935256242752,-0.9915353059768677,0.5495699048042297,-0.787600040435791,0.1768065094947815,0.5045040845870972,0.7817739248275757,-1.0896639823913574,1.3134667873382568,1.4564827680587769,0.35064825415611267,-0.24866044521331787,-0.6907968521118164,-1.3170559406280518,2.005581855773926,2.0359816551208496,0.17075081169605255,0.8666344285011292,-0.7815840244293213,-0.285006046295166,1.0771843194961548,-0.9619084000587463,-0.042717866599559784,1.4341133832931519,0.5712110996246338,-1.8451673984527588,-1.129490613937378,-0.15664125978946686,-0.21411670744419098,-0.1855052262544632,-0.12585937976837158,-1.4344013929367065,0.40567103028297424,-0.01139174122363329,1.3140389919281006,0.08740239590406418,2.141275644302368,0.48368462920188904,1.48283052444458,-0.013584136962890625,-0.4241730272769928,0.44032222032546997,-1.4509756565093994,2.629664182662964,-0.33956998586654663,0.45657768845558167,-0.7803747057914734,-0.4390060007572174,-1.5164402723312378,-0.3941643536090851
amazon-sports.csv,-0.8565028309822083,0.6911489367485046,-0.23707634210586548,-0.5848647356033325,-0.31181949377059937,0.346005916595459,-1.0829590559005737,1.1756069660186768,0.07353001832962036,-0.879664957523346,-1.1883561611175537,-2.0363433361053467,0.6437208652496338,0.5479520559310913,1.4249281883239746,-0.7991833090782166,-0.7350921630859375,0.8466585874557495,0.554645299911499,-0.100450299680233,0.6791356205940247,-0.5662115216255188,0.7989811301231384,-0.3827514946460724,2.1289045810699463,0.2592369616031647,-0.05591055750846863,-0.10749462991952896,0.2902436852455139,1.193119764328003,-0.18123279511928558,-0.7874565124511719,0.6152533292770386,-1.3549884557724,-0.2526295781135559,0.15128028392791748,-0.8537038564682007,-0.4464532434940338,-0.7279136776924133,1.9328914880752563,0.09046002477407455,-1.6455527544021606,0.49081799387931824,1.644330382347107,-1.232405662536621,-0.2744113802909851,-0.23012381792068481,0.7807486057281494,-1.2098603248596191,0.37650391459465027,0.7519519925117493,0.5563291311264038,0.4366166293621063,-1.829386830329895,-0.0007273017545230687,0.5723240971565247,0.7120133638381958,-1.8703652620315552,0.8411200046539307,1.717560887336731,0.2383435219526291,-1.7837752103805542,-1.0342744588851929,-0.16432873904705048,1.3038362264633179,1.4899017810821533,-0.9609766006469727,-0.6928907632827759,-0.5008403658866882,-0.4419631063938141,-0.2681751251220703,-0.10922698676586151,0.0644603744149208,1.70157790184021,0.8001988530158997,-1.5181884765625,-0.5507610440254211,0.46656790375709534,0.30239638686180115,0.3573071360588074,-0.587740421295166,-1.8918765783309937,1.5021629333496094,-0.4885534346103668,1.1201393604278564,-0.19753386080265045,2.328014612197876,-0.040229808539152145,1.9257969856262207,0.15999598801136017,-0.1719997227191925,0.04482807219028473,-0.08139485865831375,2.865083932876587,1.1103955507278442,0.9158710241317749,-0.5119833946228027,-1.0388182401657104,-1.0374923944473267,-0.42484450340270996
amazon-food.csv,0.08730078488588333,1.0580559968948364,-0.2406693547964096,-0.6672608256340027,-0.01805407740175724,-1.8022727966308594,0.49217432737350464,2.6022872924804688,0.5466874241828918,-0.2740727961063385,-0.35038110613822937,-1.7263840436935425,-0.2864272892475128,-0.06855717301368713,0.8294195532798767,-0.514199435710907,-1.3501321077346802,0.8963772654533386,-0.5648589730262756,0.4117129445075989,0.5881062150001526,0.0835069939494133,0.7890037894248962,-1.3328328132629395,2.6578311920166016,-0.12382468581199646,-0.0981951653957367,-0.32018664479255676,0.5136170387268066,-0.30246463418006897,1.0187567472457886,-1.184997320175171,1.5608919858932495,-0.5241056680679321,-0.9552125334739685,-0.6517761945724487,-0.8348427414894104,-0.015399248339235783,0.3145371675491333,0.5878947973251343,-0.4786699712276459,-1.6430737972259521,-0.20238114893436432,0.6991367936134338,-1.1445338726043701,0.7265852689743042,-0.16471967101097107,-0.7378817796707153,-0.17263570427894592,0.5488283038139343,1.6176425218582153,0.4660322070121765,0.2466200739145279,-0.4083528518676758,0.16704252362251282,1.0424784421920776,1.8912726640701294,-0.5771799087524414,-0.40751445293426514,1.665804147720337,1.0367355346679688,-1.696357250213623,-0.7229796648025513,-1.742514729499817,0.24007506668567657,0.41997215151786804,0.09901638329029083,-0.8044285774230957,-1.2238765954971313,-0.6342878937721252,-0.1521543562412262,-0.8043885827064514,-1.637827754020691,1.0410057306289673,1.2570500373840332,-1.1552659273147583,-0.6191303730010986,1.858736276626587,-0.4794197082519531,0.11583895981311798,-1.1618378162384033,-1.7277566194534302,-0.012562871910631657,-0.13388873636722565,1.356778860092163,-0.36305326223373413,0.8259976506233215,0.8016805052757263,1.6020925045013428,-0.6694020628929138,-0.36952638626098633,0.3454574644565582,-0.0680861696600914,2.822202682495117,-0.21121248602867126,-0.5908771753311157,-0.3800013065338135,-1.1581332683563232,-1.5903595685958862,0.5329483151435852
amazon-games.csv,-1.338334560394287,-0.19901138544082642,0.7491844892501831,-0.9818664193153381,-0.4998267590999603,-0.26179489493370056,0.5097598433494568,0.9188340306282043,0.04617118835449219,-0.3246942460536957,-0.8514835834503174,-1.7333191633224487,1.37635338306427,-0.707157552242279,1.1254987716674805,0.7143687605857849,0.7915170192718506,0.8008730411529541,0.04340881109237671,-0.923316240310669,1.9952532052993774,-1.0125291347503662,0.9073193669319153,0.0051397839561104774,0.9352923631668091,0.07098406553268433,-0.5743035078048706,-1.006587266921997,0.44961342215538025,0.08026870340108871,-0.006879989057779312,-2.072260618209839,1.2656389474868774,0.23877674341201782,-0.771354615688324,-0.05006248131394386,-1.11906898021698,-0.626744270324707,-0.929304838180542,1.628462553024292,-0.17987176775932312,-1.132723093032837,0.49322429299354553,1.4055538177490234,-1.5579793453216553,0.7408827543258667,-0.8161211609840393,-0.40349456667900085,-1.236282229423523,0.704438328742981,1.8966600894927979,-0.9471765160560608,-0.03994347155094147,-0.38357576727867126,0.8419991135597229,1.5415058135986328,1.7179386615753174,-0.4765588641166687,0.16239780187606812,0.7961501479148865,0.06100314110517502,-1.9739038944244385,-0.45522648096084595,-1.0441862344741821,1.2389546632766724,2.0808820724487305,0.8492090702056885,-1.1726574897766113,-0.3841995894908905,-1.3480201959609985,1.2401435375213623,-0.11250083148479462,-0.7263386845588684,2.404695987701416,1.0472822189331055,-1.1095941066741943,-0.6308992505073547,-0.35509639978408813,1.1425130367279053,1.0274262428283691,-1.7767081260681152,-1.3439522981643677,-0.2538605034351349,-0.7627266049385071,0.22521249949932098,-0.20435908436775208,1.4508800506591797,0.08229521661996841,1.404613733291626,0.4871952533721924,0.20558133721351624,0.839227020740509,-1.2038178443908691,1.4319044351577759,0.4334803521633148,-0.29922860860824585,-0.4283474087715149,0.05154919624328613,-1.0363796949386597,0.42716461420059204
amazon-tools.csv,-0.5355159640312195,1.1281445026397705,-0.8057276606559753,0.33599746227264404,0.7599252462387085,0.09516962617635727,-0.7313014268875122,1.8399056196212769,0.26198768615722656,-0.9654276967048645,-0.8201611638069153,-2.5628697872161865,0.5756927132606506,-0.5925450325012207,1.2847694158554077,-0.29541632533073425,-0.6744801998138428,1.9377585649490356,-0.24610933661460876,-0.5286666750907898,0.4967077374458313,0.2559427320957184,0.2348383516073227,-0.8681086897850037,2.7244155406951904,0.45169612765312195,-0.7043864130973816,-0.2622118890285492,0.39076611399650574,0.2244507372379303,-0.21155202388763428,-1.380316138267517,0.7017833590507507,0.03128192201256752,-0.43996724486351013,0.023792563006281853,-0.09000199288129807,-0.18320155143737793,-0.7541240453720093,1.606925129890442,0.21127501130104065,-1.4352471828460693,0.36374324560165405,0.4730392098426819,-0.975282609462738,0.05645737424492836,-0.7606789469718933,0.7058349251747131,-1.1935579776763916,0.6478468179702759,2.1715593338012695,-0.5811446905136108,0.7438498139381409,-1.7309284210205078,0.06665944308042526,0.6753296852111816,1.3184491395950317,-1.65683913230896,0.5764564275741577,1.3777436017990112,0.19645549356937408,-1.5403999090194702,0.3349694609642029,-1.1866075992584229,0.848314642906189,0.9967275261878967,-0.43789494037628174,-1.138970136642456,-0.7290956974029541,-0.6420634984970093,-0.20623908936977386,-0.3139861524105072,-1.4572862386703491,0.4701290428638458,-0.06118122488260269,-2.019942283630371,-1.0088731050491333,0.3493957817554474,-0.6405742764472961,-0.7417780756950378,-0.38817644119262695,-2.0095317363739014,0.9577853083610535,1.1330162286758423,1.129475712776184,-0.5110644102096558,0.6414552927017212,0.1287703663110733,2.1386444568634033,0.181648388504982,-0.12169135361909866,0.26050087809562683,-0.2530019283294678,2.404848337173462,1.018179178237915,0.6278339624404907,-0.5009530782699585,-1.0437065362930298,-1.3781592845916748,-0.436824232339859
bookcrossing.csv,-0.555726945400238,0.9151596426963806,-0.22789731621742249,-0.38227084279060364,0.38452282547950745,0.5252024531364441,-0.589903712272644,1.575997233390808,1.6994905471801758,-0.18556469678878784,-0.11413397639989853,-3.0615155696868896,-0.3986511528491974,-0.5697460174560547,0.6648280024528503,-0.4510032832622528,-0.9511730670928955,1.941550850868225,0.7151700854301453,-0.056063421070575714,0.9314135909080505,0.47069621086120605,0.5449320077896118,-1.2943791151046753,0.6113543510437012,0.7615437507629395,0.8496963977813721,-0.13375940918922424,-0.5909474492073059,-1.6931711435317993,-0.5525845289230347,-1.802937626838684,1.5048025846481323,-0.4445491135120392,-0.509995698928833,0.3125588893890381,-0.15297043323516846,0.07009616494178772,-0.2618880569934845,0.8532373309135437,-0.17053599655628204,-1.8679206371307373,0.613772451877594,0.044225264340639114,-0.555377185344696,0.9524452686309814,-0.8047899603843689,-0.3203771412372589,-1.1317766904830933,0.6508602499961853,1.9907777309417725,-0.46883490681648254,0.48776116967201233,-0.7046265602111816,0.030578356236219406,-0.39066070318222046,0.667709231376648,-1.6578608751296997,0.9469447731971741,2.3543448448181152,0.29304853081703186,-1.3567942380905151,-1.30302095413208,-0.8831301331520081,1.3167955875396729,2.2221105098724365,-0.5617057681083679,-0.39332401752471924,-0.3446164131164551,-0.22510692477226257,1.3499683141708374,-0.3173130452632904,-2.379031181335449,0.43530887365341187,1.2151590585708618,-1.6409233808517456,-0.513873279094696,0.37671804428100586,-0.9556947350502014,-0.5750581622123718,0.4357975423336029,-1.5448909997940063,1.5380756855010986,0.7251450419425964,1.6093018054962158,-0.5569608807563782,1.2798913717269897,0.10935486853122711,1.345960021018982,0.0975329726934433,-0.08326353132724762,-0.018611779436469078,0.42103102803230286,-0.2675064504146576,-0.03225845471024513,-0.1766223907470703,-0.9573054909706116,-0.716139554977417,-0.6624652743339539,0.16158176958560944
movielens10m.csv,0.3921755850315094,0.43735048174858093,0.4002096354961395,-0.7598755359649658,0.09459441900253296,-2.103841543197632,-0.8367446064949036,1.2690834999084473,0.19164256751537323,-0.5018116235733032,-0.9658042788505554,-2.127903699874878,1.229061484336853,-0.5989136695861816,-0.43368270993232727,0.7623598575592041,0.5646284818649292,1.0429356098175049,0.20774517953395844,0.4809587597846985,1.1656605005264282,0.8477388620376587,0.15377560257911682,-0.7860760688781738,1.7154353857040405,-0.02102331630885601,0.6775292158126831,-0.31175634264945984,0.2140374332666397,0.7592180967330933,-0.8172705173492432,0.17958903312683105,0.44546860456466675,-0.41842904686927795,-0.45991888642311096,0.18645921349525452,0.0023186441976577044,0.9579066038131714,0.19731225073337555,1.1487386226654053,-0.1821480691432953,-2.019409656524658,-0.7204302549362183,-0.0127904387190938,-0.5166507363319397,0.6463030576705933,-0.5278904438018799,2.478998899459839,-1.0090514421463013,1.5683902502059937,2.854811668395996,-0.2914848327636719,1.0835040807724,-0.9651676416397095,-0.4477784335613251,0.9979025721549988,2.1590054035186768,-1.4218080043792725,-0.0899905115365982,0.45848482847213745,-0.4422954022884369,-0.8502741456031799,-0.8988046050071716,-0.5870099663734436,-0.08044437319040298,0.6913105845451355,0.40888237953186035,-1.0374773740768433,-1.4467930793762207,0.1156516969203949,1.4774214029312134,0.6649914979934692,-0.9791764616966248,1.5417883396148682,0.14460714161396027,-1.1373673677444458,0.11766374111175537,-1.990181803703308,-1.1264925003051758,1.0853034257888794,0.5334814786911011,-2.1127262115478516,0.6695230603218079,0.149855375289917,-1.1102370023727417,0.11137880384922028,1.3180299997329712,1.4248244762420654,1.322675108909607,0.4120248854160309,0.09211081266403198,0.9012392163276672,-0.20411090552806854,1.1180475950241089,-0.271891713142395,0.563222348690033,-0.5824332237243652,-1.396653175354004,-0.5435245633125305,-1.0812240839004517
amazon-cd.csv,-0.7753745317459106,-0.7968920469284058,-0.6639881134033203,-0.7180412411689758,-0.011783572845160961,0.06377559900283813,-0.8728260397911072,2.9462616443634033,-0.5132341384887695,-0.9238132238388062,0.22365698218345642,-2.4291927814483643,0.06583283841609955,-1.0955733060836792,0.8442752957344055,-0.6927753686904907,-0.6016877293586731,1.8411457538604736,-0.2550669014453888,-1.174458384513855,0.47425851225852966,-1.3042007684707642,1.3720070123672485,-1.3697900772094727,1.7513371706008911,1.389199137687683,0.14623630046844482,-0.4846843183040619,-0.7368125915527344,-0.22336576879024506,0.2365151345729828,-0.521349310874939,0.8498007655143738,-0.1909395456314087,-1.0515204668045044,0.6288641691207886,-0.6680792570114136,-0.513042151927948,-1.7096529006958008,1.0039681196212769,-0.34170401096343994,-0.7195940613746643,0.595058798789978,-0.21044974029064178,0.6953937411308289,0.06501635164022446,-0.858907163143158,0.5266100168228149,-1.1789263486862183,0.03551309555768967,0.9529839158058167,0.20275114476680756,1.6242609024047852,-0.7649658918380737,-0.9558568000793457,-0.24545498192310333,1.437965989112854,-2.347806930541992,0.4869444966316223,1.4715869426727295,0.8188033699989319,-1.90236496925354,-0.8093251585960388,-0.17458374798297882,0.5618874430656433,1.2327278852462769,0.16943474113941193,1.1013360023498535,-0.11893356591463089,1.0330009460449219,0.4965093433856964,-0.3416687250137329,-0.9776027202606201,0.9568192362785339,0.4671752452850342,-0.08957146108150482,-0.20629404485225677,-0.8419755697250366,0.7222451567649841,-0.18828044831752777,-0.712155282497406,-1.8503767251968384,0.4748608469963074,0.6033114194869995,1.6501083374023438,-0.8587906956672668,0.7385382652282715,0.6053896546363831,1.1777817010879517,0.35170239210128784,-0.884543776512146,0.7849153876304626,-1.030333161354065,1.2164238691329956,0.9951397180557251,1.341487169265747,0.5074986219406128,-2.1496596336364746,-0.39094027876853943,-0.9040281176567078
amazon-digital-music.csv,-0.5871962904930115,-0.08401712030172348,-1.2825889587402344,-1.0511257648468018,0.0002758606569841504,-0.37458840012550354,0.5647866725921631,2.0647644996643066,1.0728265047073364,-0.19419871270656586,-0.07184688746929169,-2.126168727874756,-0.46082937717437744,-0.37997689843177795,0.718448281288147,0.6368551254272461,0.1052030473947525,1.8909049034118652,-0.01887296512722969,-0.030048560351133347,-0.204921156167984,-1.437153697013855,0.46500179171562195,-1.5212621688842773,2.2933311462402344,-0.07904607057571411,0.7721138596534729,-0.1662975549697876,0.6789548993110657,-1.1108087301254272,0.3754711151123047,0.03442561998963356,1.041526436805725,-0.2253098338842392,-0.6636376976966858,-0.24588119983673096,0.16083112359046936,0.38516589999198914,-1.3259767293930054,1.045548439025879,1.1153911352157593,-0.6637567281723022,-0.3246210217475891,1.0791149139404297,0.011883015744388103,0.38900226354599,-0.1999395489692688,-0.5899580717086792,-1.6537047624588013,1.581190824508667,1.6683474779129028,0.8652113080024719,0.7975030541419983,-1.7380218505859375,0.3350844979286194,0.349126935005188,1.1194027662277222,-1.7051780223846436,0.8684324622154236,2.1371467113494873,-0.721728503704071,-0.9413614273071289,-0.4830953776836395,-1.0803965330123901,0.27830782532691956,2.237042188644409,0.7992637753486633,-0.38711416721343994,-1.8319635391235352,-0.1164853647351265,1.1903033256530762,-0.09457548707723618,-0.7699306011199951,1.0333154201507568,0.2557815909385681,-1.1200629472732544,-0.8161551356315613,0.28036418557167053,0.6818732619285583,-0.6477713584899902,-0.511565089225769,-1.4600075483322144,1.1647467613220215,0.3131866455078125,0.8355706930160522,0.14067313075065613,0.8398552536964417,0.7340449690818787,2.1528775691986084,0.33352532982826233,0.1405678689479828,0.3808433413505554,-0.44727784395217896,1.8996604681015015,0.021277176216244698,-0.4679063856601715,1.0236396789550781,-1.8180451393127441,-1.3109126091003418,-0.17383939027786255
amazon-baby.csv,-0.7072451114654541,1.1569764614105225,-0.640888512134552,-1.340325951576233,0.4092191755771637,-1.375656247138977,-0.44435298442840576,1.533562183380127,0.7855383157730103,-0.37116649746894836,-0.7308007478713989,-1.4767571687698364,0.8545648455619812,-0.7619956135749817,1.1608279943466187,-0.30657896399497986,0.15293650329113007,1.4482581615447998,0.027880651876330376,-0.3443572521209717,-0.39576566219329834,-0.5511072874069214,-0.16828525066375732,-0.8971900343894958,0.9521328806877136,0.34707698225975037,-0.42704853415489197,-0.5336089134216309,0.4830138087272644,-0.13043566048145294,-0.08055134862661362,-1.1988797187805176,1.2439159154891968,0.033322952687740326,-0.635093092918396,0.6487993001937866,-0.6307151913642883,0.055691033601760864,-1.0467286109924316,1.3482239246368408,-0.8550361394882202,-0.49364137649536133,-0.06845585256814957,0.3627583682537079,-1.0553746223449707,1.6693984270095825,-1.3043323755264282,-0.0633915588259697,-0.8577070832252502,1.194966435432434,1.036705493927002,0.5904834270477295,0.7351515293121338,-1.653186559677124,-0.18610702455043793,1.1091197729110718,2.351876735687256,-1.795364499092102,0.28141316771507263,1.6019365787506104,-0.054262567311525345,-0.5640612840652466,0.2375653088092804,-1.712465763092041,0.005849766544997692,1.9803061485290527,-0.6067430377006531,0.48972418904304504,-1.1491118669509888,-0.1982361227273941,1.2598834037780762,-0.8118879199028015,-0.9597264528274536,1.737938404083252,1.1861252784729004,-2.4559214115142822,-0.4453407824039459,-0.2862456738948822,1.0841854810714722,0.04751865193247795,-0.023513169959187508,-1.6915569305419922,1.2336910963058472,-0.5975896120071411,1.1819247007369995,0.3674324154853821,0.05208417400717735,-0.017684319987893105,2.295884609222412,-0.12634335458278656,-0.6546308398246765,0.6694706678390503,-0.2884443700313568,2.625067949295044,0.43377959728240967,0.6517025828361511,0.16222143173217773,-0.8095242977142334,-0.6725945472717285,-1.013178825378418
amazon-beauty.csv,-0.5161393880844116,-0.07355006039142609,-1.873579978942871,-1.3974862098693848,0.1046782061457634,-1.2011586427688599,0.17956316471099854,1.5097136497497559,1.7963688373565674,0.40368807315826416,-0.2813721001148224,-1.1474628448486328,0.335212767124176,-0.43188658356666565,0.9691261053085327,-1.1762094497680664,0.1213197186589241,1.9505447149276733,0.593326210975647,-0.6310735940933228,0.6823944449424744,0.3305571973323822,1.2141146659851074,-0.9918117523193359,1.059449315071106,-0.3549431562423706,-0.9188182950019836,-0.28093817830085754,-0.34376493096351624,0.6802942752838135,0.10343900322914124,-0.6759667992591858,1.3893669843673706,-0.5132009983062744,-1.0192595720291138,-0.4661690294742584,-0.460598886013031,-0.40574347972869873,-1.1357433795928955,1.5816829204559326,-0.622533917427063,-1.8940870761871338,0.19924858212471008,1.3768036365509033,-0.8612613081932068,0.6427468061447144,-0.15093980729579926,-0.5182033181190491,-1.8002883195877075,1.8305637836456299,1.8605632781982422,0.7394576668739319,0.03543298318982124,-1.047325849533081,0.5379412770271301,0.5311282873153687,0.9333112239837646,-1.1344153881072998,0.5046585202217102,0.5276206135749817,0.8057820796966553,-1.635321021080017,-0.44640761613845825,-1.17169988155365,0.5169726014137268,1.3779182434082031,0.4449435770511627,0.16078197956085205,-0.14385183155536652,-0.4148072600364685,-0.718427836894989,-0.4420512020587921,-1.0450400114059448,1.46405827999115,0.6860738396644592,-1.6076374053955078,0.0762965977191925,0.2816401422023773,0.5618414282798767,-0.5192552804946899,0.005845782347023487,-1.3941237926483154,-0.04683507978916168,-0.1009071096777916,2.0384204387664795,0.10379558801651001,1.0949537754058838,1.837805151939392,0.9125267863273621,-1.528609037399292,-0.16725461184978485,1.8019404411315918,-0.7635723948478699,2.5957143306732178,0.4949962794780731,0.423333078622818,-0.3211909532546997,-0.7610715627670288,0.00012914236867800355,-1.2699329853057861
movielens20m.csv,1.808626413345337,-0.6658846139907837,-0.11539089679718018,-0.4826916754245758,-0.12311945855617523,-0.35186630487442017,1.0697433948516846,0.4455623924732208,-0.7695334553718567,-0.48368334770202637,-1.5384812355041504,-1.6753756999969482,-0.09766033291816711,0.3683677315711975,0.43586069345474243,0.5671932101249695,-0.05400209501385689,2.1724400520324707,0.8680350184440613,0.3837786316871643,0.09251251816749573,0.059674616903066635,0.2212674766778946,-2.042670726776123,1.8207708597183228,0.5635968446731567,0.3256945013999939,-0.29541608691215515,-1.5439752340316772,0.6608887314796448,-0.9861013293266296,-1.4631743431091309,1.5636969804763794,0.4114893972873688,-1.3021115064620972,-0.015903277322649956,1.3468109369277954,-0.7532731890678406,1.3808823823928833,2.324427604675293,-2.2455387115478516,-1.5726295709609985,-0.0057561504654586315,0.37401893734931946,-0.3029085695743561,-0.46309107542037964,0.770224392414093,-0.10634062439203262,-1.6449544429779053,0.6066641211509705,1.0107558965682983,0.8751272559165955,0.9103250503540039,-0.061051543802022934,0.06558441370725632,0.6292800307273865,1.9158217906951904,-1.9447697401046753,-0.5417410731315613,0.23297640681266785,-0.9695668816566467,-0.5371837019920349,0.8384482264518738,0.49745649099349976,0.06496058404445648,2.1490392684936523,0.5105696320533752,-0.9642676115036011,0.26647117733955383,-0.47467145323753357,-0.23910221457481384,0.6105332374572754,-0.43159428238868713,0.8339693546295166,1.3563425540924072,-1.3654197454452515,-1.2025548219680786,-0.6801196336746216,0.017152877524495125,1.4895485639572144,-0.5118710398674011,-1.0651581287384033,1.0037897825241089,-0.03458339348435402,0.6069026589393616,-1.1157139539718628,0.333093523979187,0.3883780539035797,1.3774052858352661,0.8536100387573242,1.0701824426651,0.8254004716873169,-0.14116975665092468,0.6507479548454285,0.21801646053791046,-0.40678277611732483,-1.873277187347412,-0.8111059069633484,0.1053868904709816,0.9067940711975098
movietweetings_recsys2014.csv,-0.2990388870239258,-1.0508127212524414,-0.8162844777107239,-0.025682449340820312,-0.4563950300216675,-0.46413543820381165,0.1975855678319931,1.7139861583709717,0.21517717838287354,-0.423401415348053,-0.9917063117027283,-0.7198835611343384,0.31536540389060974,-1.0859203338623047,0.8691164255142212,0.41327324509620667,0.17413261532783508,0.19005323946475983,0.30269864201545715,-0.493901789188385,1.305002212524414,0.8773531317710876,0.6198385953903198,-1.6792287826538086,0.9524360299110413,0.0819745883345604,-0.5413826107978821,-0.22284115850925446,-0.13571633398532867,0.3238026201725006,0.5638917088508606,-0.7574183940887451,1.0912995338439941,-0.1311672478914261,-0.9017105102539062,-0.20941327512264252,0.9670617580413818,0.5917981266975403,-0.8650016784667969,0.8257657289505005,-0.04223199188709259,-0.4135879576206207,0.3070870041847229,-1.1700537204742432,0.4643424153327942,0.2581624686717987,0.29686152935028076,0.9191287159919739,-0.2557598650455475,2.8078694343566895,0.7747033834457397,-0.584773600101471,0.8156447410583496,-1.4846041202545166,-0.05689331889152527,0.6959477066993713,0.5244013071060181,-0.41023141145706177,-0.3133833408355713,0.38604938983917236,0.44398149847984314,-0.6658735275268555,0.11742684245109558,-0.6424990892410278,0.11758220195770264,2.3219902515411377,1.9731154441833496,-0.37704023718833923,0.39644137024879456,-0.23118863999843597,2.35272479057312,0.8069636821746826,-1.009829044342041,1.4508672952651978,0.6473395824432373,-2.2854909896850586,-0.5779555439949036,0.17030876874923706,-1.5622947216033936,0.6097853779792786,-0.025198878720402718,-0.9629433155059814,0.32336777448654175,-2.0959861278533936,1.672710657119751,1.0023705959320068,0.20805451273918152,0.20608913898468018,2.316521406173706,-0.3007700741291046,-0.7851336002349854,1.6382362842559814,0.39314165711402893,1.9459335803985596,-0.5261296033859253,-0.04165852442383766,-0.4992610514163971,-3.1326189041137695,-0.047316037118434906,0.8256827592849731
amazon-movies.csv,0.6492438316345215,-0.7583497762680054,-0.8964095115661621,-0.22615773975849152,-0.6613434553146362,-0.2754727005958557,-1.8202486038208008,1.7859500646591187,0.4275416433811188,-0.7488213181495667,-1.053753137588501,-1.4486483335494995,1.6849195957183838,-1.5331470966339111,0.36224639415740967,-0.5934177041053772,-0.5424184203147888,0.5065926313400269,0.6430156230926514,-1.4475253820419312,1.9953159093856812,1.0691834688186646,-0.015036100521683693,-1.8657134771347046,1.038315773010254,-0.3932052552700043,0.653116762638092,0.07573011517524719,0.41332149505615234,0.8970858454704285,-0.024497846141457558,-0.8544138073921204,0.9346259236335754,0.2682880163192749,-0.4297124147415161,1.1656668186187744,0.2553175091743469,0.13400517404079437,-0.23270836472511292,0.21496999263763428,-1.1482311487197876,-1.3100166320800781,-0.48492830991744995,1.3711471557617188,-1.652274489402771,0.647765040397644,-1.1131782531738281,0.6265815496444702,-0.6921812891960144,-0.36424797773361206,0.6445283889770508,1.2286617755889893,1.260995864868164,-1.3825783729553223,1.3908194303512573,0.5999492406845093,0.6591798663139343,-2.1924633979797363,2.092712640762329,1.7950382232666016,0.8831754922866821,-0.21706385910511017,-0.05530240759253502,-0.39748290181159973,1.0392287969589233,0.7924864888191223,0.43198829889297485,-0.8621086478233337,-1.8891410827636719,-0.535005509853363,0.604884922504425,0.20597009360790253,-1.3427261114120483,1.3982917070388794,0.5605322122573853,-1.619340181350708,-0.6315249800682068,-0.8004828095436096,0.6411102414131165,0.028674833476543427,-0.22025884687900543,-0.877251148223877,-0.04346712678670883,-0.17622826993465424,0.47301313281059265,0.5156983733177185,1.390430212020874,-0.2610163688659668,2.5211265087127686,0.3067413866519928,-0.12348448485136032,0.827318549156189,0.2260056436061859,1.963437795639038,0.6591780781745911,0.02860036864876747,-0.758496880531311,-0.8524538278579712,-0.3503570258617401,0.6305524706840515
yahoo-movies.csv,0.5468361377716064,0.35677942633628845,-0.11200054734945297,-1.168070673942566,-1.6062641143798828,-1.316411018371582,0.9571881890296936,1.4314359426498413,0.19678586721420288,0.10582750290632248,-1.4475460052490234,-0.7589021325111389,0.8195384740829468,-1.5551027059555054,0.7463461756706238,0.11902870982885361,1.0883824825286865,-0.29865503311157227,-0.10521108657121658,0.09559088200330734,0.4808999300003052,0.3740331828594208,0.8229900598526001,-0.495353639125824,0.6078519821166992,-0.13196462392807007,-0.000816904881503433,0.6198334097862244,-0.6270943284034729,0.7240999937057495,-1.059993028640747,-1.0031187534332275,0.9104570150375366,-0.017771001905202866,-0.5521592497825623,-1.1364059448242188,-1.5044386386871338,-1.2238376140594482,0.9343411326408386,1.1846855878829956,-0.7512350678443909,0.43917790055274963,-0.24666622281074524,-0.5321918725967407,-1.5993847846984863,-0.15470074117183685,0.11207029223442078,0.37251371145248413,-1.371322512626648,0.010641420260071754,1.6022024154663086,0.4847826361656189,2.15173602104187,0.04809664934873581,-0.012623119167983532,0.5379285216331482,2.340822219848633,-1.2196136713027954,0.38482388854026794,1.5100257396697998,0.7941797971725464,-1.4957176446914673,-0.19845421612262726,0.30985480546951294,1.0654759407043457,1.2832568883895874,0.33271458745002747,-1.293866753578186,-0.4341678023338318,0.3038371205329895,1.2053613662719727,1.4750242233276367,-1.1362879276275635,1.008131980895996,2.167233943939209,-0.6976422667503357,1.1831284761428833,0.7349706888198853,-0.6580725908279419,-0.0851995050907135,0.3316882252693176,-1.3900648355484009,1.4775521755218506,-0.6160069108009338,2.2984960079193115,-0.2122030109167099,0.3132094740867615,0.34633150696754456,0.9685806035995483,0.6570692658424377,-1.3105018138885498,0.21209466457366943,0.24165253341197968,2.5012221336364746,-0.5082111358642578,-0.6883366107940674,-0.4421890377998352,-1.8331868648529053,0.25578853487968445,-1.2369186878204346
jester3.csv,-0.5523955225944519,-0.7972859740257263,-0.908474326133728,-0.6876422762870789,-0.8171941637992859,-0.7848034501075745,0.5724567174911499,0.8551499247550964,0.6052159667015076,-0.2755188047885895,-1.22799551486969,-2.333580732345581,-0.04296552389860153,-2.6807355880737305,0.12953457236289978,-0.0391412191092968,1.2645305395126343,0.20919261872768402,-0.5927855372428894,0.04270097240805626,0.5239006280899048,0.3247874081134796,1.7994354963302612,-2.0091874599456787,1.5790057182312012,1.6629608869552612,1.1300804615020752,0.04631773382425308,-0.4623882472515106,0.07101329416036606,-1.7442904710769653,0.42061087489128113,0.04878148064017296,-0.0971713662147522,-0.11116574704647064,-0.35588690638542175,1.3325762748718262,-1.2337416410446167,-0.159808948636055,1.2999953031539917,-0.002667398424819112,-1.499077558517456,-0.21896536648273468,0.35406190156936646,-0.5128031373023987,-0.28886890411376953,-0.5289705395698547,0.2965983748435974,-0.29156896471977234,0.6714630722999573,0.8398897051811218,0.49730780720710754,0.4556209146976471,-1.6760425567626953,0.1243300810456276,1.187756061553955,1.85997474193573,-1.73273766040802,-1.2485569715499878,1.8437696695327759,0.0026150301564484835,-1.7841708660125732,1.2130650281906128,-1.5007460117340088,0.6589483022689819,1.1683725118637085,-0.5532342195510864,-0.0803103893995285,-0.38519996404647827,0.49267494678497314,-0.7673822045326233,0.9285956621170044,-0.5812953114509583,-0.5458470582962036,0.5802394151687622,-1.3064303398132324,-0.7050426602363586,0.1508532166481018,-0.34292441606521606,1.021040439605713,-0.1313970685005188,-0.3244216740131378,1.0758039951324463,-0.5688336491584778,0.06496594101190567,-1.2501046657562256,2.095120668411255,-0.7459607124328613,0.9310749173164368,-1.1215049028396606,0.3943967819213867,-0.12367092818021774,-0.675062894821167,0.3097788989543915,1.0064640045166016,0.6381849646568298,-0.37816524505615234,-1.754950761795044,-0.32281848788261414,-2.1463773250579834
amazon-home.csv,-0.9386529922485352,0.8740858435630798,-0.31033146381378174,-1.4062763452529907,-0.17279116809368134,-0.31122830510139465,0.4873945116996765,2.2357959747314453,1.0821858644485474,-1.2370808124542236,-1.4095979928970337,-2.577091932296753,-1.5465701818466187,-0.6062445640563965,0.7714245319366455,0.3239792585372925,-0.7242225408554077,0.7185257077217102,-0.7647911906242371,0.8953395485877991,0.39324459433555603,-0.9743836522102356,-0.7474492192268372,-1.1938849687576294,1.7073782682418823,-0.8940845727920532,-0.6839169859886169,-0.6396618485450745,-0.07510866969823837,0.19725185632705688,0.23221533000469208,-0.656121551990509,-0.3634614944458008,-0.28969794511795044,-0.11237818747758865,0.007081263232976198,-0.8227615356445312,0.08224909752607346,-0.11519776284694672,1.408232569694519,0.14847172796726227,-1.2163437604904175,0.16315051913261414,0.3950660824775696,-1.2792845964431763,0.666010856628418,-0.19840453565120697,-0.4048269987106323,-1.3304522037506104,0.8017111420631409,0.9872204065322876,0.8123641014099121,0.8138806223869324,-0.32821977138519287,0.8203703761100769,0.3600815534591675,0.8188808560371399,-1.3417595624923706,0.2222989797592163,0.7084982395172119,0.282323956489563,-1.2347482442855835,0.04514012858271599,-1.5477081537246704,0.11281507462263107,1.9586888551712036,0.032253198325634,-0.43582606315612793,-1.525513768196106,-0.024703871458768845,0.30986693501472473,0.09187537431716919,-0.18595463037490845,1.620056390762329,0.48771288990974426,-1.5069416761398315,-0.5533861517906189,0.6539077758789062,-0.3343687951564789,0.13774926960468292,-0.7638043165206909,-2.249749183654785,1.057322382926941,0.5865009427070618,1.522500991821289,-0.7340192198753357,2.127776861190796,0.4015848934650421,2.2083425521850586,0.8972459435462952,0.16227085888385773,0.19805879890918732,-1.0332542657852173,2.15277361869812,0.09139847755432129,0.07206742465496063,-0.5866797566413879,-2.3357551097869873,-0.9876057505607605,-0.7594223618507385
amazon-instant-video.csv,-0.4439752697944641,0.8460476994514465,0.8820321559906006,-0.4250739514827728,1.3881642818450928,-0.1331814080476761,0.4089171290397644,2.3408615589141846,0.2666478753089905,-0.047842442989349365,-0.01202906109392643,-2.3952672481536865,0.2432446926832199,1.2257039546966553,1.2547099590301514,-0.49490979313850403,1.0174064636230469,-0.07994352281093597,0.8313339948654175,-0.10391097515821457,0.4969548285007477,-0.5345941781997681,1.2678039073944092,-1.9104608297348022,1.410578727722168,0.33994051814079285,0.2120739221572876,-0.277917742729187,-0.8861504793167114,0.5292712450027466,-0.492620587348938,-1.185136318206787,1.845916986465454,0.30914270877838135,0.6720497012138367,0.39524421095848083,-0.36486414074897766,-1.0808684825897217,-0.986549973487854,1.8192380666732788,-0.8807452917098999,-0.551120936870575,-0.27927106618881226,2.0847911834716797,-1.0624903440475464,0.3084828853607178,0.2575654983520508,0.7630875110626221,-0.6934463381767273,1.1592046022415161,0.6319776177406311,1.444754719734192,-0.2883978486061096,-1.2073129415512085,0.8170198202133179,1.2373178005218506,0.9234240055084229,-1.2572898864746094,0.9801051616668701,0.7397013306617737,-0.05741506069898605,-0.4562159478664398,-0.22964850068092346,-0.2599189281463623,1.287972331047058,1.7117496728897095,-0.6235500574111938,-1.0626239776611328,-1.378867506980896,-0.28264132142066956,-0.1485404521226883,0.13527518510818481,-0.7750675082206726,2.39583420753479,1.5195603370666504,-0.9901555180549622,-1.757275104522705,0.5965299010276794,-1.3926926851272583,-0.755632221698761,-0.8344485759735107,-0.8049161434173584,0.9753131866455078,0.7186911106109619,0.732260525226593,0.3850216865539551,1.9114439487457275,-0.9581732749938965,1.2249252796173096,-0.15386240184307098,-0.45220866799354553,0.024803878739476204,-0.3070107102394104,1.1217149496078491,0.11664935946464539,0.11347588896751404,-0.40667033195495605,-1.4466814994812012,-1.0599637031555176,-1.0978626012802124
movietweetings_latest.csv,0.2207237333059311,-0.5165926218032837,-0.5263291001319885,-0.6356374025344849,-0.2806564271450043,-1.3207802772521973,0.30427664518356323,2.5060393810272217,-0.24891874194145203,0.3222299814224243,-1.092961311340332,-1.6649137735366821,-0.35519343614578247,-0.7861804366111755,-0.031334489583969116,-0.25791361927986145,0.9848628044128418,1.5778844356536865,-0.6523988246917725,-0.7160369753837585,-0.04184000566601753,-0.3941086530685425,0.28256937861442566,-0.940011203289032,0.21293389797210693,1.051030158996582,0.08272997289896011,0.0929824709892273,-0.28991374373435974,0.3481595814228058,-0.98931884765625,-1.0890754461288452,-0.6078763008117676,-0.513534665107727,-0.1526784896850586,0.10941215604543686,0.22348572313785553,0.1903693526983261,0.15772397816181183,1.5077155828475952,0.33985888957977295,-3.1964499950408936,0.3050364553928375,-0.7414522171020508,-1.0289933681488037,0.3118070960044861,-0.10593502223491669,1.1245509386062622,0.01662711799144745,0.12965543568134308,1.06490159034729,-0.18480771780014038,0.03452260047197342,0.3063950538635254,0.19896262884140015,0.9966937899589539,0.8683428168296814,-1.6926460266113281,2.319617986679077,2.0652225017547607,0.14799731969833374,-0.7729389667510986,0.6036908626556396,-0.14393417537212372,0.3683894872665405,0.8552565574645996,0.9078674912452698,0.934811532497406,-0.22463247179985046,1.0482240915298462,0.45366203784942627,-0.38456428050994873,-0.34275442361831665,1.317397117614746,1.9582635164260864,-2.0712060928344727,-0.4430716335773468,-0.24007746577262878,0.1602591574192047,-0.3281475901603699,-0.5331517457962036,-1.784438133239746,1.465224027633667,0.08618377894163132,-0.3555719554424286,-2.1279592514038086,0.8825225830078125,0.14960117638111115,1.8067282438278198,0.10194088518619537,1.035262942314148,1.613090991973877,0.07316070795059204,0.9080972075462341,2.637666940689087,-1.2033599615097046,-0.243789404630661,-1.0437653064727783,-0.6286276578903198,-0.7255606055259705
jester2.csv,-0.9771790504455566,-0.5289021730422974,-1.5886988639831543,-0.857233464717865,0.45305362343788147,-0.5397366881370544,-0.3918960988521576,1.6038156747817993,0.3737989664077759,-0.13727904856204987,-1.0461697578430176,-0.6370099186897278,-1.4981191158294678,-1.5547232627868652,0.08526943624019623,-0.7916421294212341,-1.2005977630615234,0.042032402008771896,-0.27494877576828003,-0.21528832614421844,0.31177854537963867,-0.20421215891838074,-0.1638951450586319,-0.3937850594520569,1.6667064428329468,0.048487674444913864,0.7112747430801392,-0.22991155087947845,-1.6054761409759521,0.09562399983406067,-0.9703115820884705,-0.9286800622940063,0.6408085227012634,1.0370166301727295,-0.5068714022636414,-0.41207098960876465,0.2601242959499359,-0.23693309724330902,0.8038094639778137,1.3474669456481934,-0.3112006187438965,-2.2340939044952393,-2.008587598800659,3.439201831817627,-0.7369401454925537,1.5413520336151123,-1.031821846961975,0.2974280118942261,-0.7845232486724854,0.8084449172019958,1.5431575775146484,0.20632022619247437,1.6055017709732056,0.5942138433456421,-0.3455256521701813,2.0872159004211426,1.4828386306762695,-0.6581577658653259,0.53006911277771,0.6960734128952026,0.7300236821174622,-0.6768875122070312,0.4782782793045044,0.3937915563583374,0.7200030088424683,1.1611878871917725,0.5244317054748535,-0.6478923559188843,-1.107405185699463,-0.45733627676963806,0.26952922344207764,0.9837245941162109,-1.3361918926239014,1.25032377243042,0.6362932920455933,-1.0261895656585693,0.34651559591293335,-2.0713350772857666,-0.9368625283241272,-0.3432808816432953,0.8560442924499512,-0.9094544649124146,1.9477938413619995,0.6906960606575012,0.32604745030403137,0.09366009384393692,0.7107391953468323,1.133998990058899,1.5786466598510742,0.3230295777320862,0.0257145743817091,0.3679012954235077,0.3391800820827484,1.1986935138702393,0.5792753100395203,1.2305219173431396,0.10582850128412247,-0.5828144550323486,-0.6741525530815125,0.6282614469528198
amazon-toys.csv,-0.7353290915489197,-0.1354653537273407,-0.4235427975654602,-0.2340458780527115,0.776377260684967,0.4101960361003876,0.44145312905311584,1.3767277002334595,1.54628324508667,-0.7718956470489502,-0.428224116563797,-3.073105573654175,-0.11294957995414734,-0.11363016068935394,0.6809151768684387,-0.0987839326262474,0.09667256474494934,1.5683329105377197,0.13007640838623047,-0.7124952077865601,0.7901059985160828,-0.24492043256759644,-0.3074396848678589,-1.2413772344589233,1.7683738470077515,-0.5712737441062927,0.24780698120594025,-0.06262300908565521,0.36359646916389465,-1.072259545326233,-0.44947895407676697,-1.2810629606246948,1.1481602191925049,-0.036263033747673035,-0.7689605355262756,0.0570823960006237,-0.8324140906333923,-0.22608019411563873,-1.9562181234359741,0.9210424423217773,0.08499526977539062,-1.2652417421340942,0.48786690831184387,1.1729778051376343,-0.799923837184906,0.12079820036888123,-0.07940415292978287,-0.2848653495311737,-0.8721716403961182,1.296649694442749,1.7259522676467896,0.03174443915486336,0.3560503423213959,-1.6695499420166016,0.5579316020011902,0.607816219329834,0.6092892289161682,-1.03203547000885,1.2893123626708984,1.747226595878601,1.296844482421875,-1.0391948223114014,-0.4777568578720093,-1.4912110567092896,1.996532678604126,1.763314127922058,-0.3033111095428467,-0.1788996011018753,-1.1027991771697998,0.3279639482498169,-0.02800322324037552,-1.1322484016418457,-0.4835520088672638,1.7077906131744385,0.3013341724872589,-0.007181860506534576,-1.0412691831588745,-0.6986798048019409,0.5944686532020569,-0.8929405212402344,-0.7933101058006287,-1.6634055376052856,0.7257088422775269,-0.5777117609977722,1.0081053972244263,-0.28913405537605286,1.2482913732528687,0.19735907018184662,2.4824771881103516,1.0268553495407104,-0.4003765881061554,0.672516942024231,-0.8759311437606812,1.3328561782836914,-0.12881644070148468,1.07674241065979,-0.335602730512619,-1.6843246221542358,-0.7711583971977234,-1.3259490728378296
flixter.csv,-0.23933930695056915,0.8178075551986694,-0.39309319853782654,-1.337469458580017,0.43586450815200806,-0.48393934965133667,-0.36379432678222656,1.91758394241333,0.2898528575897217,-0.8213210701942444,0.09146748483181,-1.2235695123672485,0.5174828171730042,-2.1592299938201904,-0.0014717289013788104,-0.570771336555481,0.1327933520078659,0.15487870573997498,-0.7782295346260071,0.3684106171131134,0.7529396414756775,0.29083168506622314,-0.028238534927368164,-1.6017060279846191,0.8171696662902832,0.2542992830276489,-1.0815364122390747,-0.5660952925682068,0.4951798617839813,1.6423225402832031,-0.09126896411180496,-2.3548920154571533,-0.043524257838726044,0.9797704815864563,-0.6526635885238647,1.0742379426956177,0.8443645238876343,-0.09786715358495712,0.7714405059814453,1.5133986473083496,0.005252622067928314,-0.7029967308044434,-1.1407504081726074,0.8248851895332336,-0.933710515499115,1.398197054862976,-0.8007257580757141,0.2130134552717209,-0.7256725430488586,1.751707911491394,1.9507808685302734,0.5749731659889221,1.3293333053588867,-0.06629865616559982,-0.1637895554304123,0.5854820013046265,1.4024488925933838,-1.9363365173339844,0.9040510654449463,1.1325050592422485,-0.343448668718338,-1.7363145351409912,-0.9304468631744385,1.2670986652374268,1.1765024662017822,1.509423017501831,-0.10657612234354019,0.4192820191383362,0.3096648156642914,0.15242205560207367,1.0945708751678467,-0.9257572293281555,-0.8079134225845337,-0.09696400165557861,0.09078466147184372,-0.7724555730819702,-1.0535074472427368,-0.4592455327510834,-0.9373708367347717,-1.6059752702713013,-0.8784064650535583,-1.7295942306518555,-0.21420055627822876,-1.3516371250152588,-0.19980238378047943,-0.5560711026191711,0.7237681150436401,0.6042434573173523,2.009432792663574,-1.596501111984253,-0.41346898674964905,0.11026711016893387,-1.4680132865905762,1.3929708003997803,1.0108859539031982,0.01934068277478218,-0.696815013885498,-1.9344104528427124,0.4088866710662842,-0.44725123047828674
jester1.csv,0.06529714167118073,0.7261621356010437,-1.838608980178833,-0.04586143046617508,-0.8082766532897949,-0.9922730922698975,1.0042705535888672,0.21442833542823792,-0.6812728643417358,0.2125895768404007,-0.10526392608880997,-0.2678690552711487,-0.5700822472572327,-0.9440850615501404,0.13397352397441864,-1.036287546157837,0.6193472743034363,0.8942285180091858,0.2537922263145447,-0.43586137890815735,0.28993290662765503,0.607307493686676,-0.417765349149704,-2.5516791343688965,0.6585261821746826,0.16098029911518097,1.146018147468567,0.2662389278411865,-1.4815521240234375,0.23354847729206085,0.19650591909885406,-1.299249291419983,0.3432159721851349,-0.7566090822219849,0.3886226713657379,-0.3537985682487488,0.41695520281791687,-0.6830113530158997,-0.03543427586555481,1.8454973697662354,1.1153842210769653,-2.4796714782714844,0.6860541105270386,1.0061737298965454,0.29412931203842163,0.5848197340965271,-0.7686476111412048,0.94488924741745,-1.7923920154571533,0.24974127113819122,3.4398746490478516,0.9157547950744629,1.0975338220596313,-0.36793267726898193,0.6316335797309875,0.8675454258918762,1.5938172340393066,-2.3171374797821045,0.07919655740261078,0.5786740779876709,1.0140776634216309,-1.788685917854309,-0.38430407643318176,-0.7729700803756714,0.31192004680633545,1.1017369031906128,-0.5176054835319519,0.25948309898376465,-0.4860460162162781,-0.9543652534484863,0.319887638092041,0.031620219349861145,-1.210891604423523,1.8689435720443726,0.042589690536260605,-2.0629923343658447,0.07795069366693497,-0.2910715937614441,0.21888406574726105,0.2280808985233307,-0.3659798800945282,0.2539689838886261,0.7477117776870728,-0.6179381608963013,-0.3751775026321411,0.013209699653089046,-0.06369908899068832,-0.6752153038978577,0.278850793838501,1.045937418937683,1.2250304222106934,0.8336293697357178,-0.49181705713272095,2.224916934967041,0.10314255952835083,0.0505429245531559,0.5257567167282104,-2.129725694656372,-1.0938726663589478,-0.08651077002286911
amazon-automotive.csv,-0.11457779258489609,0.19973336160182953,-0.11026950925588608,-0.9422339797019958,0.6982429027557373,0.1487537920475006,-0.026440322399139404,0.8918063640594482,0.2303272783756256,-0.8458769917488098,-0.7068756222724915,-2.0239908695220947,0.7250397801399231,-0.10403276234865189,1.3825331926345825,-0.07494592666625977,0.46865370869636536,1.2855267524719238,0.7244046926498413,-0.1419372260570526,0.6790782809257507,0.06327207386493683,0.2266647219657898,-0.7957234382629395,1.9757887125015259,0.356215238571167,0.3722977638244629,0.30946269631385803,-0.6440949440002441,0.3102853298187256,-0.4176892340183258,-1.2593419551849365,0.4204498827457428,-0.5119562149047852,-0.7177581191062927,-0.8132920265197754,-0.5246753096580505,-0.38266250491142273,-0.5317187309265137,2.0764002799987793,0.8766940236091614,-0.9547612071037292,-0.10547324270009995,0.08292379975318909,-1.5645939111709595,1.5596038103103638,-0.4675491154193878,-0.30073657631874084,-0.9159142971038818,0.20748963952064514,1.6384564638137817,0.018752338364720345,0.7138926982879639,-1.2414143085479736,0.3167863190174103,1.4146984815597534,0.8797655701637268,-0.7604156136512756,0.5334999561309814,1.9540290832519531,-0.29659637808799744,-0.3348388969898224,-0.4868346154689789,-1.6615705490112305,1.02250337600708,1.035893201828003,-0.5276205539703369,-1.158162236213684,-1.042866587638855,0.5582337379455566,2.1081273555755615,-0.9222885370254517,-1.1088590621948242,1.8178290128707886,0.4422408640384674,-1.019072413444519,-0.7637730836868286,-0.5879833102226257,-0.6300366520881653,-0.6150954365730286,-1.4920635223388672,-2.5138511657714844,1.6230744123458862,0.14886626601219177,1.047402262687683,-0.6289398670196533,1.2461069822311401,-0.07466280460357666,1.9149686098098755,-0.4050290286540985,-1.7841012477874756,0.34950292110443115,0.39490047097206116,1.6487458944320679,-0.1947934925556183,0.9508116245269775,-0.19383364915847778,-1.195596694946289,-2.151033639907837,-0.8507719039916992
movielens_latest.csv,0.8361877799034119,1.1802117824554443,-0.1797592043876648,-0.5986181497573853,-0.8405070900917053,-1.471381425857544,0.2908785939216614,2.115248203277588,0.06470796465873718,-1.6001416444778442,0.7671186923980713,-1.9861867427825928,0.19701482355594635,-2.16799259185791,0.2795642018318176,-1.0347785949707031,0.24457970261573792,1.1336429119110107,0.18315176665782928,0.10460187494754791,-0.37803855538368225,-0.852343738079071,0.13720647990703583,-0.03513025864958763,0.3506901264190674,0.5612446069717407,1.5972459316253662,1.223397970199585,-0.34491148591041565,0.09167242050170898,-1.529613733291626,-0.6068869829177856,1.5242586135864258,-1.1043304204940796,-0.5962879657745361,0.6558946967124939,-0.59092777967453,0.5638365149497986,0.07427168637514114,0.42216476798057556,0.37555578351020813,-1.5387390851974487,-1.540812373161316,0.7938950657844543,-0.1656271368265152,0.39803725481033325,-0.9403120279312134,1.5738931894302368,-1.5262987613677979,0.6015019416809082,1.6443573236465454,-0.3992467224597931,0.921857476234436,0.4422473907470703,-0.7480729818344116,1.4371240139007568,0.8527269959449768,-0.411788672208786,-0.3279058039188385,1.2247711420059204,-0.22492289543151855,-0.9733640551567078,0.26112717390060425,0.955367386341095,0.5682937502861023,0.9599390029907227,1.0201857089996338,-0.9722330570220947,-1.1422791481018066,0.4404038190841675,1.5725023746490479,0.4971655607223511,-0.26025938987731934,2.516575336456299,0.21355675160884857,-1.0888550281524658,-2.166137933731079,-0.14891532063484192,0.728212296962738,0.5634098649024963,0.13081176578998566,-0.5234363079071045,-1.2522246837615967,0.9213566780090332,1.0310617685317993,-0.5272180438041687,1.7470341920852661,0.18088442087173462,1.693962574005127,-0.042270414531230927,-0.566020667552948,1.422190546989441,-0.5350805521011353,1.2863340377807617,0.13321377336978912,-0.051507364958524704,-0.6019104719161987,-1.8587454557418823,0.37745290994644165,-0.8000093102455139
amazon-office.csv,0.05443519353866577,0.5079805254936218,-1.3979735374450684,-0.9832183122634888,-0.18702614307403564,-0.03001403994858265,-0.497201144695282,2.1345555782318115,0.5817782282829285,0.14690253138542175,-0.8920292854309082,-1.504594087600708,0.33365148305892944,-0.5065703392028809,1.2613141536712646,0.47946134209632874,0.5133096575737,2.1104791164398193,-0.27750644087791443,-0.9898607730865479,0.3298192322254181,-0.30879834294319153,0.3759050667285919,-1.0281240940093994,1.0280979871749878,0.7005559802055359,0.3706373870372772,-0.9173001646995544,0.18178707361221313,0.5973584651947021,-0.43654370307922363,-0.9874253273010254,1.3934649229049683,0.468792587518692,0.16593825817108154,0.13332931697368622,0.22785206139087677,-0.8380318880081177,-1.136059045791626,1.3240220546722412,0.031592048704624176,-0.3171702027320862,-0.05271562561392784,1.0529651641845703,-0.6084936857223511,0.04913869872689247,0.826642632484436,0.37939998507499695,-1.7606266736984253,1.4346333742141724,0.7144917249679565,-0.2602410316467285,0.9400745034217834,-1.5268224477767944,0.911790668964386,0.7441531419754028,0.686571478843689,-1.5258976221084595,0.019008269533514977,1.554808497428894,0.346391499042511,-0.7146364450454712,-1.1277436017990112,-1.964991569519043,1.900637149810791,2.2815847396850586,-0.48993733525276184,-0.6520223021507263,-0.7699934840202332,-0.12177065014839172,1.3821593523025513,-1.264367938041687,-0.7096837759017944,0.8209998607635498,0.8615000247955322,-0.2897922992706299,-1.08436119556427,0.37242594361305237,-0.5280523896217346,-0.2610207200050354,-0.34253084659576416,-2.0036377906799316,0.3303821086883545,0.6730643510818481,1.9448975324630737,0.8650209307670593,2.5325095653533936,0.8369967937469482,1.7994434833526611,0.11677591502666473,-0.43858516216278076,1.2857455015182495,0.24194273352622986,1.5648293495178223,0.15618544816970825,0.2745331823825836,0.5115513801574707,-0.3220617473125458,-1.922106146812439,0.08700449764728546
yahoo-music.csv,0.6173049807548523,0.9692797064781189,1.5860401391983032,-0.5630921125411987,-0.7511025667190552,-2.2600719928741455,0.7360502481460571,1.2078317403793335,-0.22834984958171844,1.032729148864746,-0.8287720084190369,-1.7449396848678589,-0.11405207216739655,0.5411272644996643,-1.4635815620422363,0.13826066255569458,0.9093893766403198,0.984501838684082,-0.4535505771636963,0.31819722056388855,0.6404677629470825,0.39499154686927795,-0.3199605345726013,0.07351155579090118,1.5980956554412842,1.0982491970062256,-0.7508150339126587,0.9665315747261047,-0.4243587851524353,0.590185821056366,0.09921284019947052,-1.5356724262237549,0.7127178907394409,-0.035606399178504944,-0.317933052778244,1.7582414150238037,1.587830662727356,0.04350458085536957,-0.7423170804977417,1.5939610004425049,0.06769265234470367,-0.6337016224861145,-1.231201410293579,0.12359777837991714,-1.169947862625122,0.47482845187187195,-0.09391792118549347,-0.06350032985210419,-2.401902198791504,-0.09204737842082977,0.5954111218452454,0.23597465455532074,0.6339415311813354,-0.6854404807090759,-0.3536440134048462,1.4833420515060425,1.0037319660186768,-1.7470433712005615,0.6332352757453918,2.4784817695617676,-0.4406812787055969,-0.1547059714794159,0.856540322303772,-1.1852624416351318,1.0205940008163452,1.6959969997406006,0.694840669631958,0.40192273259162903,-0.6899136304855347,-0.40772414207458496,-0.1606038361787796,0.24892914295196533,-1.6482337713241577,1.5209952592849731,0.1620568335056305,-1.220418095588684,0.5187095999717712,-0.35854679346084595,-2.170928478240967,0.8571414947509766,-0.5423439741134644,-0.44617944955825806,0.9229216575622559,-1.3597228527069092,0.4080527722835541,0.751855731010437,-0.17381072044372559,1.3079122304916382,1.8410462141036987,0.20774811506271362,-0.807418942451477,1.273983359336853,-0.5211558938026428,-0.1306038498878479,0.2589171230792999,0.7784706354141235,-1.4062024354934692,-1.4445443153381348,-0.796666145324707,-0.034143708646297455
amazon-phones.csv,-0.13648004829883575,0.4819856584072113,-1.0108782052993774,-0.637952983379364,-0.8780598044395447,-0.37863484025001526,-0.14597663283348083,1.120274305343628,1.337698221206665,-1.4279202222824097,-0.6028034090995789,-1.7313361167907715,0.7152795791625977,-0.4679833650588989,1.3449828624725342,-0.4056903123855591,0.6865750551223755,1.6170406341552734,-0.30149832367897034,-0.38639405369758606,0.5495499968528748,0.03672468662261963,0.28779324889183044,-0.4750690162181854,2.7340478897094727,-1.0240275859832764,-0.4011167287826538,0.20478621125221252,-0.44652971625328064,1.126199722290039,-1.2674241065979004,-0.7968947291374207,1.2260243892669678,-0.5066220164299011,-0.7038565278053284,0.053411755710840225,0.7255594730377197,-0.8389343619346619,-0.8229511976242065,1.5249532461166382,-0.309827983379364,-2.176431179046631,0.9228032827377319,0.5131648182868958,-0.6559609770774841,-0.45705029368400574,-0.44154414534568787,0.06845677644014359,-1.543047547340393,0.86614590883255,0.9517958760261536,0.18551740050315857,-0.1748882681131363,-1.6629645824432373,0.23725658655166626,0.2699569761753082,0.3625827133655548,-1.259610652923584,1.3739358186721802,1.5794483423233032,-0.01425608154386282,-1.7101942300796509,-1.1031742095947266,-0.7285410761833191,1.6265873908996582,0.08918799459934235,0.18918117880821228,-0.4385361969470978,-1.0530002117156982,-0.21894188225269318,0.12148314714431763,-1.2073599100112915,-0.26474109292030334,0.6974535584449768,1.2576323747634888,-0.8881539702415466,0.025857234373688698,1.4903976917266846,-0.43958863615989685,-0.21342365443706512,-0.135000541806221,-2.0392935276031494,0.8520264029502869,-0.5044644474983215,1.9216855764389038,0.14939096570014954,1.9012489318847656,1.2044302225112915,2.009126663208008,0.42835620045661926,-0.3146471381187439,0.9876125454902649,-0.1907002329826355,2.579315662384033,0.597541868686676,0.29415255784988403,1.1184113025665283,-0.37762442231178284,-0.12395010888576508,0.3765287697315216
