movielens_latest.csv,0.018006030470132828,2.0046892166137695,-0.18368729948997498,1.8263851404190063,0.9296975135803223,0.3730887174606323,0.8213730454444885,-0.6724932193756104,0.7121305465698242,-0.42349377274513245,0.7810601592063904,1.1838529109954834,-2.499437093734741,-1.1861577033996582,0.5108540654182434,-0.7053390741348267,-0.7419865131378174,0.33416908979415894,0.12637659907341003,-1.7012652158737183,-0.7343122959136963,0.2159210741519928,1.8661881685256958,-1.3955490589141846,-0.11758885532617569,0.3656615912914276,-0.4222389757633209,0.2886075973510742,-1.1884167194366455,-1.4207805395126343,0.48720088601112366,-0.9692970514297485,0.23059312999248505,-0.03756779432296753,-1.28324556350708,-0.4758751392364502,0.39797261357307434,-0.44717493653297424,-0.26079416275024414,-0.19105373322963715,1.4124503135681152,1.7692869901657104,0.1662626415491104,-0.28583627939224243,0.1552324742078781,-2.1054201126098633,0.14438682794570923,0.7966529130935669,-0.760931134223938,-0.4415270984172821,-1.6066079139709473,-0.43902018666267395,-0.7677009701728821,-0.11684561520814896,1.649848461151123,0.20745864510536194,1.6225261688232422,1.214578628540039,-0.16079339385032654,-0.015135426074266434,-0.2031768560409546,-0.18817000091075897,-1.3737120628356934,0.4957766830921173,0.06551603227853775,0.5289514660835266,-0.5154099464416504,-0.851732075214386,0.25104445219039917,-0.303620845079422,1.006969928741455,0.8008564114570618,0.7733744382858276,-1.3407859802246094,-0.7366766333580017,0.23241916298866272,-0.975375771522522,-1.1538563966751099,-0.3907264769077301,0.5433552861213684,0.9594756960868835,-1.5064040422439575,0.3803866505622864,-0.29626545310020447,-0.14975106716156006,-0.8147476315498352,2.7078704833984375,-1.3757048845291138,3.093961000442505,0.47594767808914185,1.927197813987732,-0.20105302333831787,-0.08712801337242126,-0.5423769950866699,0.45326152443885803,-0.2894948124885559,-0.3927608132362366,0.8480228185653687,-1.3192788362503052,-0.7905230522155762,0.7198798060417175,-0.014565047807991505,0.2863101065158844,-0.7655860185623169,0.7205774188041687,-1.2707449197769165,-1.8994885683059692,0.24422697722911835,-0.4312579929828644,0.48178577423095703,0.5100192427635193,-0.5708617568016052,0.2518720328807831,-1.0857309103012085,0.04748241603374481,0.6452129483222961,-1.3768947124481201,-1.077734112739563,1.053637981414795,1.165951132774353,-1.9827231168746948,-1.3787962198257446,0.7600676417350769,-0.17220112681388855,-0.0920906588435173,0.8271852135658264,0.40177837014198303,1.1123625040054321,-1.5860060453414917,1.1983058452606201,-0.14296551048755646,-1.699289321899414,-0.009934487752616405,-0.22425512969493866,0.1768491268157959,0.31941327452659607,0.1339515596628189,0.14944685995578766,1.124895453453064,-0.4546026885509491,1.2613428831100464,1.8996855020523071,0.26802846789360046,1.8175288438796997,-0.07597015798091888,-0.5232714414596558,0.8881499767303467,0.28361159563064575,-0.7067016363143921,-0.773672342300415,-0.4598749577999115,-0.5078734755516052,0.6029002666473389,1.304080843925476,-0.23863445222377777,0.48506274819374084,0.04855755716562271,0.7075513005256653,0.5574425458908081,1.807398796081543,0.17200158536434174,0.08018876612186432,-2.0074498653411865,0.6858213543891907,-1.1752500534057617,-0.050967901945114136,0.06687857955694199,0.39509710669517517,2.4005141258239746,-1.3862718343734741,1.410361647605896,0.4991704523563385,0.1360621601343155,-1.6943600177764893,-0.6662387847900391,-1.639458179473877,0.19918158650398254,1.2163985967636108,0.4218648672103882,-0.12516599893569946,-0.23175013065338135,-0.7570603489875793,-1.551231026649475,1.531030297279358,0.7363840341567993,1.7674165964126587,-2.488715171813965,-1.6537302732467651,0.5106917023658752,-0.25431132316589355,0.05559329688549042,-0.324168860912323,0.6324736475944519,0.8923420310020447,1.0228413343429565,-0.10693274438381195,-1.5966274738311768,1.3211123943328857,0.49655091762542725,-0.5561956763267517
bookcrossing.csv,-0.5559308528900146,0.17181280255317688,-0.11143019050359726,2.577536106109619,-1.2926263809204102,1.388698697090149,0.8544246554374695,0.5037366151809692,0.09939437359571457,-0.4427911341190338,-0.38497886061668396,0.865751326084137,0.14357580244541168,-0.554506778717041,-0.08064241707324982,-0.3684449791908264,-0.0024512431118637323,-1.1386353969573975,-0.30906182527542114,-1.023123860359192,-2.405526638031006,0.22250641882419586,0.8822258114814758,-0.32401570677757263,0.24169467389583588,1.4548051357269287,-1.0160974264144897,0.41977378726005554,-0.5183227062225342,-0.41342321038246155,1.2167621850967407,-0.3618929088115692,1.450261116027832,0.5597111582756042,0.7269700169563293,-0.258675217628479,-1.2535589933395386,0.2899215817451477,1.5087820291519165,-1.3582969903945923,-0.44504591822624207,0.7647813558578491,-0.6089693307876587,-0.1479814648628235,-1.011900782585144,-1.5063518285751343,-0.27003687620162964,-1.0667568445205688,0.8516730666160583,0.29709741473197937,0.3428712487220764,0.5281258225440979,-0.3351577818393707,0.1130216121673584,0.5373814105987549,-0.896790623664856,1.1448006629943848,-0.6427716016769409,-0.41265299916267395,0.4241316020488739,-0.2942933738231659,-1.043411374092102,-1.8633688688278198,0.13520534336566925,-1.0439039468765259,-0.5382779240608215,-2.083925724029541,-1.9920891523361206,1.6804994344711304,1.16777503490448,-0.8739572167396545,2.2923800945281982,-0.22718548774719238,-1.1157033443450928,-0.4306600093841553,0.4740099310874939,-0.009701081551611423,-0.9402260780334473,1.4118151664733887,-0.9412161111831665,-0.5717574954032898,-1.423417568206787,0.37704330682754517,0.8325790762901306,0.8023653030395508,-0.25930866599082947,-0.8673303127288818,-1.2178274393081665,1.1383298635482788,0.1766466349363327,-0.6998193860054016,-1.3769179582595825,-1.0023421049118042,0.4399927854537964,0.9180529713630676,-0.8249053955078125,-1.2621713876724243,1.3467886447906494,0.1504344791173935,-0.28570640087127686,0.5208687782287598,-1.3547543287277222,1.6428427696228027,-0.7233381867408752,0.16381992399692535,0.6678372621536255,-1.1366418600082397,2.630815267562866,0.5481910109519958,0.17127640545368195,0.3240041136741638,0.20304369926452637,0.45032528042793274,-3.1656599044799805,0.6492504477500916,-0.3698623478412628,-2.304198980331421,0.9757207036018372,-0.355280339717865,0.5107342004776001,-0.6445106267929077,-0.9114855527877808,-0.7016577124595642,0.3990079164505005,-1.101064682006836,0.4986669421195984,-0.9169600009918213,0.3688367009162903,-0.3681950271129608,1.607980489730835,1.497723937034607,-1.416867971420288,0.044423263520002365,0.6829714775085449,-1.3289012908935547,1.6982172727584839,0.37473970651626587,-0.21723513305187225,0.9175840020179749,0.16793519258499146,0.683218240737915,0.9995626211166382,1.121262550354004,1.381186842918396,-0.254236102104187,0.5416937470436096,-1.1010760068893433,-0.16456261277198792,-0.45539581775665283,-1.0868672132492065,-1.9049798250198364,0.5019224882125854,0.3304256200790405,0.8028271794319153,-0.8644970655441284,0.8576765060424805,0.497338205575943,0.6087953448295593,-0.4453035295009613,0.37093886733055115,1.226616382598877,1.7721900939941406,-0.8245620727539062,0.6865167021751404,-1.8958297967910767,-0.5898722410202026,-0.11259833723306656,-0.5279585719108582,1.745882511138916,-0.15736794471740723,1.3719041347503662,-0.36999499797821045,1.0897889137268066,-0.8834401965141296,-0.9745199680328369,-1.3674222230911255,-0.5565184950828552,1.4094696044921875,-0.2779950499534607,0.20916929841041565,-1.6955682039260864,0.43981876969337463,-0.12447217851877213,-0.21509335935115814,-0.8181809186935425,1.8597480058670044,-0.19322966039180756,-1.7707725763320923,0.7232539653778076,0.004083224572241306,0.7405788898468018,0.428570419549942,1.8300350904464722,0.5307151675224304,0.04678502306342125,1.4854403734207153,0.19499711692333221,0.9131662845611572,-0.27547943592071533,-1.509163737297058
amazon-games.csv,1.8797357082366943,0.7018815875053406,-0.6895747780799866,1.8326290845870972,-0.9433539509773254,-1.3085447549819946,1.2369153499603271,0.027939332649111748,0.12654629349708557,-0.2647128105163574,-1.2558304071426392,1.7805132865905762,-0.49963104724884033,-0.6805374622344971,1.1358873844146729,-1.2312402725219727,-0.48714253306388855,-0.5608358383178711,1.4392671585083008,-1.0321224927902222,-1.5435320138931274,-0.7282671928405762,2.033234119415283,-0.8420590758323669,-0.08863997459411621,2.4477622509002686,-0.4682125151157379,-0.48736056685447693,0.5538371205329895,-0.9720808863639832,1.137744426727295,-0.1302538514137268,1.2766506671905518,1.6465243101119995,-0.30269667506217957,-1.6483919620513916,0.1245025098323822,0.5107670426368713,3.0170161724090576,-0.45606476068496704,0.15984389185905457,0.26810577511787415,0.63382488489151,-1.1921170949935913,-0.05375184491276741,-3.031811475753784,-0.609835684299469,-1.6007940769195557,0.7801711559295654,-0.1816350221633911,0.03233615309000015,0.6240152716636658,-0.4115368723869324,1.2580152750015259,1.2360435724258423,-0.02229338511824608,0.9554200172424316,-0.9261949062347412,-0.7455103993415833,-0.8753332495689392,-0.6950942873954773,-1.0644837617874146,-1.7336901426315308,-0.8494986891746521,-1.3611665964126587,-0.6300609707832336,0.18344594538211823,-1.5993496179580688,0.5960156917572021,-0.12634940445423126,-0.9010204076766968,2.2280073165893555,-0.6286076903343201,-0.8622041940689087,0.05268942564725876,-1.1257481575012207,0.4967556595802307,0.310150146484375,1.4522788524627686,-1.1758219003677368,0.1965905874967575,-0.507716178894043,0.7084551453590393,1.5643032789230347,1.440368413925171,0.590776264667511,0.5622013807296753,0.6575392484664917,0.9034816026687622,0.699937105178833,-0.009205120615661144,-1.4476642608642578,-0.12485958635807037,-0.520413339138031,1.692522644996643,-1.8423941135406494,1.077641487121582,1.2810662984848022,0.27498483657836914,0.2618693709373474,0.42295411229133606,-2.039541244506836,1.6185256242752075,-0.49635112285614014,-0.6795538663864136,0.6693025231361389,-0.1431054174900055,1.312920093536377,0.33318063616752625,0.40733426809310913,0.7084264755249023,1.3602546453475952,-1.301552176475525,-1.1333388090133667,0.8042791485786438,0.13439300656318665,-2.418529748916626,0.5011997222900391,0.20352764427661896,1.0641257762908936,-0.4389374554157257,-0.2982787787914276,0.19429683685302734,1.3373056650161743,-1.3858426809310913,-0.5971720814704895,-0.4525911211967468,0.03262715041637421,-0.905722975730896,0.8478739857673645,1.5007998943328857,-0.49913692474365234,-1.2992976903915405,1.0378901958465576,-1.2562392950057983,0.7429711818695068,-0.22966967523097992,-1.453555703163147,-0.25368010997772217,0.9622666239738464,0.41657641530036926,0.9353271126747131,0.7626014351844788,1.9514756202697754,0.295186847448349,0.8671256899833679,-0.07952861487865448,0.004091102629899979,0.18076111376285553,-1.2902145385742188,-1.1509668827056885,0.2628256678581238,-0.23407109081745148,0.8153842687606812,0.650051474571228,0.6257284283638,-0.7381859421730042,1.0151166915893555,-0.4231659173965454,0.23814542591571808,0.33454760909080505,1.3974367380142212,-0.16405177116394043,-1.0328129529953003,-1.721413254737854,-0.07103622704744339,0.38874539732933044,0.19839678704738617,2.2149312496185303,0.2856614589691162,1.04790198802948,0.6842164993286133,-0.3163648247718811,-0.9262195229530334,-0.13989365100860596,0.19939003884792328,-0.7334948182106018,0.08858412504196167,-0.006389271467924118,0.9933702349662781,-0.8526768684387207,-0.2558143734931946,-0.665849506855011,0.7047529220581055,0.8504677414894104,1.2914154529571533,-0.6085777282714844,-1.2499276399612427,1.1250455379486084,0.07735917717218399,-0.4010913372039795,-0.30383190512657166,0.7663646936416626,0.475307822227478,0.7294533848762512,0.6538946628570557,-0.5623473525047302,0.7167525291442871,0.11311723291873932,-0.828912615776062
amazon-toys.csv,-0.5227536559104919,-0.07980644702911377,-0.14754313230514526,1.0896903276443481,0.22554665803909302,-0.10790326446294785,-0.8431258797645569,1.7073729038238525,1.0822807550430298,-0.5835657715797424,1.2903504371643066,1.3418855667114258,-0.672582745552063,-0.8644320964813232,0.0971604734659195,-0.21936088800430298,-0.08758459985256195,0.6647483706474304,-0.40920010209083557,-0.05768660828471184,-1.0508068799972534,-0.36356568336486816,0.9198302626609802,-0.6498188376426697,0.9707903861999512,1.0367916822433472,-0.8825453519821167,0.7415998578071594,-1.049140453338623,-0.5164375901222229,2.508653402328491,1.519345760345459,1.7406398057937622,0.4361155331134796,0.8426454067230225,-0.0028671384789049625,-0.5758581161499023,0.6896087527275085,0.12709081172943115,-1.8734486103057861,-0.3896152675151825,1.2017412185668945,0.6438292264938354,-0.6705301403999329,-0.17321781814098358,-1.1847277879714966,-1.5817569494247437,-0.38088080286979675,0.4082481265068054,1.7605853080749512,-0.43092894554138184,0.41756901144981384,0.6044130921363831,-0.49464651942253113,2.2317585945129395,-1.0204312801361084,1.3437823057174683,0.7822605967521667,0.9768312573432922,0.16998527944087982,0.5268592238426208,1.2976247072219849,-1.0627464056015015,-0.4219377040863037,-1.4457024335861206,-0.35546302795410156,1.0531412363052368,-1.5023950338363647,-0.1761024445295334,1.679091453552246,-2.061245918273926,1.3401838541030884,-0.7134135961532593,-1.4268856048583984,-0.6699925661087036,0.9357969164848328,-0.05263405293226242,-0.45646512508392334,1.5635565519332886,-1.710282564163208,-0.11827439069747925,1.0072417259216309,0.10374815762042999,1.0055869817733765,0.6530598402023315,0.331847608089447,-0.048847496509552,-0.5978125929832458,0.7722794413566589,0.036839909851551056,0.4771152436733246,-1.6231259107589722,0.21303556859493256,-0.7772597670555115,0.8048508167266846,-0.908444881439209,0.5145788192749023,0.3957909643650055,0.7923917770385742,0.3605996072292328,0.4762786626815796,-0.45971375703811646,1.5257617235183716,0.0901767909526825,0.18193215131759644,-0.09252620488405228,0.2679242491722107,1.2967450618743896,0.6120076179504395,0.2520471215248108,0.7845838069915771,-0.560536801815033,1.2400315999984741,-1.3088560104370117,0.02093847468495369,0.09226273745298386,-1.0103150606155396,-0.6811873912811279,0.8535004258155823,2.2897963523864746,-1.3928855657577515,-0.5467323064804077,0.08878589421510696,-0.09287367016077042,-0.49648991227149963,-1.2086429595947266,-0.5336804389953613,1.0506645441055298,-0.8649245500564575,1.3388335704803467,1.3991186618804932,-0.7863003015518188,-0.5002613663673401,-0.6312780976295471,-1.5064634084701538,0.10298219323158264,-1.0142194032669067,1.0330063104629517,-1.1451594829559326,0.598786473274231,-1.4204336404800415,0.7776362895965576,-0.03521155193448067,1.491466760635376,0.5008202791213989,-0.17895002663135529,-0.2810821831226349,-0.835140585899353,0.19963498413562775,0.5011125802993774,-0.9728125333786011,0.8919496536254883,0.2644805908203125,-0.1925428807735443,-0.4083538055419922,1.4775090217590332,-0.7672131061553955,0.45833420753479004,-0.5892972946166992,1.5262173414230347,-1.3798822164535522,1.4650673866271973,-1.1961032152175903,1.2848296165466309,-2.3111982345581055,-0.6633449196815491,-0.07228001207113266,1.2822226285934448,1.622197151184082,0.21456694602966309,-0.22793257236480713,-0.34266239404678345,1.0011253356933594,0.2517295777797699,-0.8972164392471313,-2.618734359741211,-0.8224989175796509,0.3731558322906494,0.2170903980731964,0.43243923783302307,-0.9064443111419678,0.7177748680114746,-1.1893848180770874,0.7937725186347961,1.234388828277588,0.7997203469276428,-0.8973173499107361,-2.238621711730957,3.3926007747650146,0.8403705954551697,0.5270102024078369,-1.5215864181518555,1.140864610671997,1.9417235851287842,0.5232678651809692,0.421530544757843,-0.2652791142463684,0.10338515788316727,0.06799250096082687,-0.35045328736305237
movietweetings_recsys2014.csv,-0.11658991128206253,0.9730594754219055,-0.3534080386161804,0.6519081592559814,-0.21805647015571594,-0.48179641366004944,-1.227748990058899,0.6761080026626587,0.2558276057243347,-1.1696279048919678,0.5624441504478455,2.0633277893066406,-0.9608950018882751,-1.1640678644180298,-0.4028557240962982,-1.0144073963165283,-0.5143674612045288,-1.1401290893554688,-0.1180369034409523,0.21587465703487396,-2.0880863666534424,-0.40407267212867737,1.3461027145385742,0.48939189314842224,-0.27054861187934875,0.2702169716358185,-0.4157381057739258,-0.3404654562473297,-0.13294664025306702,-0.7443859577178955,2.621664047241211,-0.29005903005599976,1.2176679372787476,0.1290198713541031,-0.7025556564331055,-0.10641732811927795,-0.9527632594108582,2.669829845428467,1.8304158449172974,-1.6569547653198242,-1.1603269577026367,1.0408812761306763,0.8679003715515137,0.004643576685339212,-0.7375142574310303,-1.720128059387207,-0.4350614547729492,-2.0392696857452393,0.23412585258483887,2.3252739906311035,-1.017888069152832,0.3627449870109558,0.45654138922691345,0.7271021604537964,1.5178903341293335,0.9821697473526001,1.5100131034851074,-0.2732262909412384,0.8075351119041443,-0.3096005618572235,0.391874223947525,-0.841949462890625,-1.3100404739379883,-0.8628201484680176,-1.5538169145584106,-1.0498734712600708,-0.8386377096176147,-1.3665406703948975,0.12695865333080292,-1.2493668794631958,-0.6716441512107849,0.4300000071525574,-0.3794388473033905,-0.06908465921878815,1.0232889652252197,0.9243931174278259,-0.6245763897895813,-1.545171856880188,0.4041796922683716,0.18914268910884857,-0.06690134853124619,-0.45542672276496887,-0.9202839732170105,0.48654475808143616,-0.9142037630081177,0.8672989010810852,0.3844013810157776,-1.96902596950531,0.3178531229496002,-0.1037781685590744,0.19880057871341705,-1.4077609777450562,0.8271784782409668,-1.5442018508911133,0.4323268532752991,0.9461531639099121,0.5093721747398376,0.003973847720772028,-0.949859619140625,0.1989329308271408,0.6507843732833862,0.5504351854324341,-0.5451710820198059,-1.0264050960540771,-0.7799322009086609,0.7930839657783508,-0.26097995042800903,0.7521932721138,0.5680645108222961,-0.06867129355669022,-0.2195977121591568,0.30074837803840637,0.5825840830802917,-2.044954299926758,2.0372204780578613,0.03921472653746605,-3.1846156120300293,1.3105825185775757,0.30485203862190247,-0.31567421555519104,-0.29493096470832825,-0.49641844630241394,0.17470161616802216,1.222037672996521,-0.6197185516357422,0.5532240867614746,-0.3229352533817291,-0.15284745395183563,0.1880296915769577,2.2346506118774414,1.6807781457901,-0.26348915696144104,-0.9042388200759888,-0.9028487205505371,-0.49114498496055603,0.32295671105384827,-0.17876319587230682,0.6264088153839111,0.1472168266773224,0.5626142024993896,-0.19472983479499817,1.6148056983947754,0.226543128490448,1.7906343936920166,-0.6515051126480103,0.015419607982039452,-0.43848320841789246,0.3197265565395355,-0.2967982292175293,0.9054268002510071,-0.28943416476249695,0.10727877914905548,1.0686886310577393,0.6590628027915955,-1.3682727813720703,0.4455791413784027,0.025236524641513824,0.37833866477012634,-0.014838650822639465,0.23262974619865417,-0.6131948828697205,1.1730788946151733,-1.321792721748352,1.3184123039245605,-0.011082220822572708,0.26319923996925354,1.4776551723480225,0.767867922782898,0.4486736059188843,0.24297846853733063,1.116753339767456,0.09864962100982666,1.5881813764572144,-1.3667885065078735,1.1217838525772095,-0.42947718501091003,-2.1286659240722656,1.6395148038864136,1.1455389261245728,0.04050907492637634,-1.5355656147003174,-0.6166510581970215,-1.8088500499725342,0.7466670274734497,0.9527042508125305,1.5459959506988525,-1.2866796255111694,-0.6482523679733276,1.5132802724838257,-1.2194081544876099,-0.33711257576942444,0.784183144569397,1.8625766038894653,1.545295000076294,1.2665276527404785,0.09608326107263565,-0.39596953988075256,0.38067683577537537,-0.2112385332584381,-0.6899679899215698
amazon-clothes.csv,-0.6794312596321106,0.24746796488761902,0.03624088689684868,2.080235242843628,-0.9100753664970398,2.499157428741455,1.098639726638794,-0.8375838994979858,0.3270413875579834,0.003821501275524497,-0.8326362371444702,0.1648014783859253,-0.024990880861878395,0.051498789340257645,1.0330605506896973,-1.7702133655548096,0.6278638243675232,-0.9088547825813293,0.028102945536375046,-1.499347448348999,-2.186737537384033,0.677310049533844,0.20777277648448944,-0.2649398744106293,1.1252316236495972,0.6120865941047668,1.068734049797058,0.7509157657623291,-0.3841969072818756,-0.7538215517997742,0.2243107557296753,-0.9727163314819336,-0.30685955286026,0.1241484135389328,0.5026425123214722,-1.2122108936309814,-0.5820983648300171,0.66146320104599,1.8502992391586304,-0.9933121204376221,-0.6097753643989563,0.9106427431106567,-0.672656774520874,0.054414182901382446,-0.2758316099643707,-0.8196523189544678,-0.08965139091014862,-0.2013978362083435,0.380389928817749,-0.08340902626514435,-0.582169771194458,-0.812244713306427,0.12625588476657867,-1.0733439922332764,0.582136332988739,-0.5673255324363708,0.6607711315155029,-1.4445809125900269,-0.03229481354355812,0.831974446773529,0.6334869265556335,-1.4900447130203247,-1.4528987407684326,1.1648832559585571,0.23422600328922272,-0.1173192709684372,-3.1150171756744385,-1.5380810499191284,2.1633260250091553,0.6059650182723999,-0.0989493802189827,2.80595064163208,-1.303615927696228,-1.2210919857025146,-0.9660868048667908,0.3615572154521942,0.4182862639427185,-1.725368857383728,0.01566690392792225,-0.9664042592048645,-0.11258433759212494,-0.7973054647445679,0.21350710093975067,0.600869357585907,-0.09599801152944565,-0.6431225538253784,-0.6522738337516785,-1.1573169231414795,0.7679080367088318,-0.46072089672088623,0.16879329085350037,-1.3622322082519531,0.3358001708984375,-0.33420926332473755,0.7766045928001404,-1.158639907836914,0.24339979887008667,0.7237645387649536,0.6881535649299622,-0.4316737651824951,0.4662620425224304,-1.1458150148391724,1.1692068576812744,-0.21789178252220154,1.3120447397232056,1.7826787233352661,0.2442895621061325,2.5311295986175537,1.667757511138916,0.36934688687324524,0.6761494874954224,0.1264832466840744,0.27362632751464844,-1.735526442527771,1.4678059816360474,-0.5188019275665283,-1.3907207250595093,0.03986217826604843,0.15986163914203644,0.9706665277481079,-0.885784387588501,-0.08557114750146866,-1.440150499343872,-1.5053997039794922,-0.6654583215713501,0.5174070596694946,-0.6298037171363831,0.5662161707878113,-0.044443558901548386,1.1521506309509277,0.7343072891235352,-0.9413050413131714,0.2829519808292389,0.9114044904708862,-1.4970858097076416,2.4698426723480225,-0.424592524766922,-0.6219334602355957,0.9312692284584045,1.3655920028686523,0.6720687747001648,0.31040358543395996,0.8004635572433472,0.9232980608940125,0.6133151650428772,-0.460010826587677,-0.26001930236816406,-0.31128913164138794,-1.0670627355575562,-1.589885950088501,-0.06950473040342331,0.3827207684516907,1.0534249544143677,1.587540626525879,-1.0822261571884155,-0.5434522032737732,0.5434216260910034,1.314423680305481,-1.1842827796936035,0.2540581524372101,2.1319642066955566,0.7807587385177612,-0.45187458395957947,0.9841527938842773,-1.018770694732666,-0.629395604133606,-0.36357033252716064,0.04921119287610054,1.2234450578689575,0.5322136282920837,0.5805226564407349,-0.9376077651977539,0.562054455280304,-0.8274146914482117,-1.1814509630203247,-0.8309513926506042,-1.628098487854004,0.6381925940513611,1.136776328086853,0.5143141150474548,-1.503998875617981,-0.39089298248291016,0.6841467022895813,-0.03232009336352348,1.2832211256027222,1.4767754077911377,-0.3179078996181488,-1.1168572902679443,0.7644890546798706,-0.5827616453170776,1.683377742767334,0.3514236509799957,1.8341480493545532,-0.2248956710100174,0.7430571913719177,1.585878610610962,-0.6093516945838928,0.7735114097595215,0.2188526839017868,-1.2375069856643677
amazon-office.csv,0.00893589947372675,1.031330943107605,-0.2954046428203583,2.9893620014190674,-1.0431195497512817,0.20955687761306763,0.6769992113113403,1.0098210573196411,-0.19102846086025238,-0.9005634784698486,-0.6634089946746826,0.6179344654083252,-0.20949865877628326,-0.5773727893829346,0.333959698677063,-0.9877836108207703,0.6314182281494141,-0.5331218838691711,-0.10500286519527435,-0.5568839311599731,-1.4054968357086182,0.3044646680355072,1.6988193988800049,-0.07327450811862946,-0.0453113429248333,1.915488362312317,-1.0197577476501465,0.8480125069618225,-0.2336875945329666,-1.097159743309021,1.324139952659607,-0.3174334466457367,1.894289493560791,0.24493083357810974,0.5172846913337708,-0.4027825593948364,-0.44721823930740356,0.6061429977416992,1.5317476987838745,-1.3034782409667969,0.13522309064865112,0.6427241563796997,0.967788815498352,0.1609194129705429,-0.9292393922805786,-2.090209484100342,-0.35437220335006714,-0.8472923040390015,0.7106420397758484,0.4115125834941864,-0.2843153178691864,0.3650575876235962,-0.46619656682014465,0.1533636748790741,1.9418118000030518,0.05898873135447502,0.967241644859314,-0.7266947031021118,0.07393001765012741,0.2864362895488739,-0.3307498097419739,-1.174088478088379,-1.272469401359558,-0.9036113619804382,-0.8422499895095825,-0.4863254725933075,-1.2683544158935547,-2.2971580028533936,0.8242871165275574,0.20842835307121277,-0.49054887890815735,2.2159688472747803,1.0004363059997559,-0.18761509656906128,0.6469061374664307,0.6917346715927124,0.18943274021148682,-0.855974018573761,1.4112441539764404,-0.726923942565918,-0.36066973209381104,-0.7960041761398315,0.4384053945541382,0.9098621010780334,0.41482725739479065,-0.03542765974998474,0.09665444493293762,-1.004232406616211,1.832500696182251,1.3154624700546265,-0.1323452591896057,-0.9390575885772705,-0.8580976724624634,-0.38569724559783936,1.5498930215835571,-0.2718815207481384,-0.9822301268577576,0.8942044973373413,-0.15281961858272552,-0.523029625415802,0.21524678170681,-1.1702344417572021,1.5097945928573608,-0.6616359353065491,-0.7197510004043579,0.8416645526885986,-1.0100390911102295,1.2048349380493164,0.16324768960475922,0.40612149238586426,-0.2576032876968384,0.2245539426803589,-0.010916868224740028,-1.6331430673599243,0.9827256202697754,-0.7563732266426086,-3.242164373397827,0.2153749018907547,-0.601162314414978,0.41276150941848755,-1.2368873357772827,0.4459412693977356,0.9761791229248047,1.2120144367218018,-0.7692396640777588,0.5023892521858215,-0.7054907083511353,1.131111741065979,-0.7684165239334106,2.3830008506774902,1.4183586835861206,-2.035910129547119,0.10049836337566376,0.7080171704292297,-0.7926732301712036,0.4909662902355194,0.013027350418269634,-0.13940954208374023,0.6119250059127808,0.6804943084716797,0.2041623890399933,1.9510116577148438,1.3532378673553467,1.6956878900527954,-0.02604403719305992,0.159394770860672,-0.37202122807502747,-0.10917775332927704,-0.17615580558776855,-1.1162056922912598,-2.0267746448516846,0.3632592260837555,0.2598342001438141,0.47901734709739685,-0.04764258861541748,2.0016136169433594,-0.8292104005813599,0.2585659921169281,0.1367977112531662,0.4901459217071533,0.4819279611110687,1.2360286712646484,-0.6666257977485657,0.8106646537780762,-2.8074769973754883,-0.6302121877670288,-0.2414034605026245,-0.3449232280254364,1.3885289430618286,-0.2594153583049774,1.8088778257369995,-0.3533966839313507,0.5904483795166016,-0.8247832655906677,-0.1307070255279541,-0.7758430242538452,-1.0318925380706787,0.9832894206047058,-0.40991926193237305,0.4494258165359497,-0.7480219602584839,1.2310304641723633,-1.1836388111114502,0.6341539025306702,0.1945808231830597,1.9644590616226196,-0.8282497525215149,-1.972922444343567,1.3462488651275635,0.3538193702697754,-0.344441294670105,1.3167762756347656,1.6828522682189941,1.4204388856887817,1.1231732368469238,0.8816086053848267,-0.044104717671871185,1.0034563541412354,0.5105599761009216,-0.5592089891433716
movietweetings_latest.csv,0.586588442325592,2.733551502227783,0.35915306210517883,1.2550638914108276,-0.46531742811203003,-0.4287129342556,0.5113767385482788,1.495590090751648,-0.11494773626327515,-0.9916295409202576,-0.6329889297485352,0.4142618775367737,-1.2715996503829956,-0.8210934400558472,0.8628780245780945,-0.6325951218605042,-1.4077328443527222,0.5073633193969727,-0.7983871698379517,0.24030336737632751,-0.9949924945831299,0.45932120084762573,0.10241471976041794,-0.01350528933107853,0.7523765563964844,0.8460561037063599,-0.23549892008304596,0.26738429069519043,-0.09167593717575073,-0.5463348627090454,1.1688426733016968,-0.3834749460220337,0.5004198551177979,1.0072602033615112,0.06821382790803909,-0.5194814205169678,-1.2083501815795898,0.4117017686367035,0.6438189148902893,-1.499560832977295,-1.79832124710083,1.1280792951583862,1.8791497945785522,-0.7699676156044006,-1.0606329441070557,-0.4807882308959961,-0.7787690758705139,-0.8285714983940125,0.6475420594215393,0.5416688323020935,-0.09202708303928375,0.203171044588089,1.624511480331421,1.2011032104492188,2.4872210025787354,-0.6768673062324524,0.7998689413070679,1.4927414655685425,0.19219106435775757,2.7571864128112793,1.1249487400054932,-1.1453193426132202,-1.6659353971481323,-1.542938470840454,0.35174015164375305,-0.878476619720459,-1.4262018203735352,-1.2337778806686401,0.22291943430900574,-0.17471447587013245,-1.1915562152862549,1.8020199537277222,0.5111464858055115,0.13644705712795258,0.01236465573310852,-0.5335406064987183,0.07099834829568863,-0.49170583486557007,1.9601218700408936,-0.7235281467437744,-0.6403281688690186,-1.1655778884887695,0.6446051597595215,0.2679436206817627,-0.3498411476612091,-0.6443670988082886,0.5713555216789246,-0.06397140026092529,-0.029260525479912758,-0.5488671064376831,0.8924564123153687,-1.4896800518035889,-1.0657480955123901,-0.51505446434021,-0.18300366401672363,-0.4931254982948303,-0.4139770269393921,1.2279236316680908,1.1067945957183838,-1.7275327444076538,1.1002769470214844,-0.3875134587287903,-0.20653988420963287,-1.3594471216201782,-0.23622342944145203,0.42827776074409485,-1.1266002655029297,0.1887691766023636,-0.11529957503080368,-0.5258793830871582,0.2613004446029663,-0.6158077120780945,-1.0356605052947998,-1.8122897148132324,0.5508448481559753,-0.47174325585365295,-2.1417977809906006,0.17241515219211578,-0.3806702792644501,-0.1643258035182953,0.3387705683708191,-0.22666451334953308,1.2595340013504028,0.19349420070648193,-1.6215330362319946,1.2420859336853027,-1.93853759765625,1.514056921005249,0.007147635333240032,2.483790159225464,1.2687807083129883,-2.487473964691162,0.8583823442459106,0.33163589239120483,0.38198715448379517,0.42855414748191833,-0.03609534353017807,0.6940544843673706,-0.20697270333766937,-0.6433728337287903,0.4698583781719208,1.6472886800765991,0.6185675859451294,1.2884076833724976,0.6022348999977112,-0.05230115354061127,0.10187669098377228,-0.3843201994895935,-0.16648481786251068,-1.4211210012435913,-2.1217470169067383,-0.3438180685043335,0.06665150076150894,0.2594752311706543,-0.134047731757164,1.5151582956314087,-0.25998955965042114,-0.14128105342388153,-1.0883123874664307,0.16180559992790222,0.03220748528838158,-0.1274731308221817,0.009614426642656326,0.9717488288879395,-1.4026525020599365,0.3798750042915344,-0.07543478161096573,0.7601255178451538,1.822884202003479,0.8307011127471924,1.050020456314087,0.7772906422615051,1.9286218881607056,-0.9482717514038086,-0.9746030569076538,-0.9219271540641785,-0.6956889629364014,0.8119080066680908,0.05565575137734413,0.4658506512641907,0.8614892959594727,0.05200983211398125,-0.8711037635803223,0.4982559382915497,0.7442771792411804,2.2265243530273438,-1.1482799053192139,-0.6843864917755127,2.291872262954712,0.0719856545329094,0.5557835102081299,0.3942358195781708,0.9627640247344971,0.8037402033805847,0.8059149980545044,0.6731107234954834,-0.23260879516601562,-0.8495078682899475,2.2183127403259277,-0.7222211360931396
yahoo-music.csv,1.1198278665542603,0.16582955420017242,0.8296409845352173,2.759073257446289,-0.8097792267799377,-1.2428383827209473,1.5410797595977783,-0.8732123374938965,-0.6795380711555481,-0.6275306344032288,-0.0845150500535965,0.11536729335784912,0.030714944005012512,0.2146846204996109,-0.03698752447962761,-0.41632750630378723,-0.4345676302909851,-0.0947253629565239,0.3785254657268524,-0.5172179937362671,-1.600954532623291,-0.06560548394918442,1.4729728698730469,-0.3678100109100342,1.21053946018219,1.5796972513198853,-1.0879428386688232,-0.3431645929813385,-0.03503143787384033,-1.8492355346679688,1.48093843460083,-0.6523235440254211,-1.3674010038375854,0.9739865660667419,0.08310167491436005,-0.7628170847892761,-0.3634251058101654,0.4400345981121063,0.611879289150238,-1.4205228090286255,0.5343672633171082,0.505236804485321,0.6587916612625122,-0.23514093458652496,-2.3117940425872803,-2.499626398086548,0.20674140751361847,-0.5487568974494934,0.10070911794900894,-0.5250788331031799,0.003797142766416073,0.2945144772529602,0.7064047455787659,-0.6637910008430481,0.7268906831741333,-0.08967780321836472,0.3701225817203522,0.8992429375648499,1.2678563594818115,0.8079330921173096,1.3529659509658813,-1.0190128087997437,-0.19569404423236847,0.9869273900985718,-1.054460883140564,-1.186259150505066,-1.6612942218780518,-0.6030985116958618,1.060174584388733,0.24943424761295319,0.12860454618930817,-0.71579509973526,0.7283315062522888,-1.8789664506912231,0.014516775496304035,0.1359606683254242,-0.5104556083679199,-0.5342035293579102,-0.0727730542421341,-0.8146464228630066,-0.32804712653160095,-0.9921615719795227,0.9198803901672363,1.2688064575195312,-0.7309343218803406,-0.8035902380943298,-0.6576412916183472,-0.2910883128643036,1.6057296991348267,0.843418538570404,0.8158658742904663,-1.2167085409164429,0.2884407639503479,0.45739060640335083,2.3051583766937256,1.003379225730896,-0.4660099148750305,0.031369201838970184,0.8701171875,-0.8198635578155518,1.110987901687622,-0.12760083377361298,0.9458368420600891,-0.2697470784187317,-1.058156967163086,0.017765942960977554,-0.8980228900909424,0.51598060131073,-0.7037229537963867,1.4071364402770996,1.7887918949127197,0.6893678307533264,1.0427886247634888,-0.5263223648071289,0.7420248985290527,0.15954335033893585,-1.2232882976531982,-0.06756284087896347,1.4373403787612915,1.1310291290283203,-1.1572412252426147,-0.07923291623592377,0.8980531096458435,1.6467219591140747,-0.2579958736896515,0.08577627688646317,-0.08594442158937454,0.11172136664390564,-0.27083495259284973,1.2850358486175537,-0.38538795709609985,-0.8483589887619019,-1.0987560749053955,0.016773974522948265,0.0901164561510086,0.29416772723197937,-1.078903317451477,1.0074102878570557,-1.170037865638733,1.1201579570770264,-0.5849292278289795,-0.32336661219596863,1.7783360481262207,2.1042206287384033,0.9264525771141052,-0.09393399953842163,0.7809349894523621,-1.965347409248352,-0.2493891417980194,-1.2507553100585938,-1.9833136796951294,-0.30273884534835815,0.8325805068016052,-0.6821163296699524,-1.0286810398101807,-0.2778509557247162,-0.16750064492225647,1.1143090724945068,0.34924158453941345,0.0018767870496958494,0.9687300324440002,1.272354006767273,-0.6873577237129211,-0.4452724754810333,-2.9420135021209717,0.5395846366882324,0.9905855655670166,-0.8219149708747864,0.09486492723226547,0.7951344847679138,2.027862310409546,-0.24951466917991638,1.4848382472991943,-1.371604323387146,-1.0364887714385986,-0.47267428040504456,-1.4432828426361084,0.5024628043174744,1.3010236024856567,1.9196279048919678,-0.21988646686077118,-0.9577785730361938,-0.200633242726326,1.6267067193984985,1.6050063371658325,1.547734022140503,-0.6717681884765625,-0.045066457241773605,0.8456961512565613,-0.5267748236656189,-0.09605812281370163,1.6449230909347534,1.1376909017562866,0.48806285858154297,-0.012979046441614628,-1.6136648654937744,0.027601806446909904,1.2601382732391357,1.5924628973007202,1.035144567489624
jester1.csv,-0.5127776265144348,-0.06642546504735947,0.6085509657859802,2.556509017944336,0.20700110495090485,0.11765491217374802,-0.2013259381055832,-0.08816372603178024,-1.0433036088943481,-0.7888081669807434,0.7470495700836182,0.5139353275299072,0.11737769097089767,1.1196459531784058,0.722129762172699,-0.4909515678882599,1.2119317054748535,-0.10670113563537598,-0.2823092043399811,-1.1178722381591797,-1.1109859943389893,-0.8719580173492432,0.6299079656600952,-0.13224537670612335,0.020810315385460854,1.625938892364502,-0.3896210789680481,-0.363766610622406,-0.08013889938592911,-0.0020924850832670927,1.3773267269134521,-0.4238031506538391,1.9134894609451294,0.8156565427780151,1.0155584812164307,-0.7703743577003479,-0.03254213556647301,0.6967857480049133,1.202932357788086,-1.6077721118927002,-0.2578418254852295,0.9233474731445312,0.21444228291511536,-1.09535813331604,-0.10092851519584656,-1.325948715209961,-1.787043571472168,-0.44194868206977844,-0.08673027157783508,-0.6124987006187439,-1.1405110359191895,-0.9910386204719543,0.6786501407623291,-1.0277105569839478,2.003700017929077,0.5178008675575256,2.0165014266967773,0.3154354691505432,0.11007440090179443,0.614264726638794,-0.02328740619122982,0.3758716881275177,-0.6329277753829956,-0.8210310339927673,-0.04157305881381035,0.544501781463623,-1.0643010139465332,-0.5159302949905396,1.8487733602523804,0.5855836868286133,0.013181188143789768,2.27964448928833,0.2948519289493561,-1.2695313692092896,0.06163381040096283,0.201127290725708,-0.9703958034515381,-0.22801421582698822,0.43142738938331604,-0.8158509135246277,-0.4701252281665802,-1.5971583127975464,-0.9057843685150146,-0.4504145383834839,-0.39954110980033875,-0.2229364663362503,1.3677695989608765,-2.1688547134399414,1.4792829751968384,0.4335036873817444,1.1174628734588623,-1.559409499168396,-0.3351976275444031,-1.9895410537719727,1.282747745513916,0.5540024042129517,-0.16772976517677307,0.25746574997901917,-0.9303823113441467,-0.2966829538345337,0.3370436131954193,-1.0379468202590942,1.2470070123672485,-1.4949243068695068,-0.6590484380722046,0.7690566182136536,-0.8923452496528625,-1.1055033206939697,0.8745759129524231,0.3801511526107788,0.5458852648735046,-1.0072462558746338,1.08400297164917,-0.8317511677742004,1.9805537462234497,-0.8003503680229187,-1.3317278623580933,0.43929994106292725,0.9320782423019409,-0.8542906641960144,-1.3387994766235352,-0.37924230098724365,0.656319260597229,-0.06156878545880318,-1.087012529373169,0.2384563684463501,0.523462176322937,0.18580013513565063,0.6273812651634216,0.15563669800758362,1.0470592975616455,-0.7114320397377014,0.3722943365573883,-1.1852202415466309,-0.22605377435684204,1.332545280456543,0.006434923969209194,-0.5438389182090759,-1.251953363418579,-0.17699792981147766,-0.8330708742141724,-0.18633906543254852,0.907376766204834,1.5461114645004272,0.4713452458381653,-0.03128085285425186,1.5377733707427979,0.10420016944408417,0.2503008544445038,-1.2529053688049316,-1.777441382408142,0.7205334305763245,-0.6625252366065979,1.755799651145935,0.11444820463657379,0.4340386390686035,-1.2997645139694214,-0.4859558939933777,-1.3710260391235352,1.7272242307662964,1.106191873550415,1.819344401359558,-0.9070641994476318,2.1935360431671143,-2.0798254013061523,0.5269237756729126,-1.622768521308899,0.522370457649231,2.3846147060394287,-0.17973606288433075,1.080698847770691,0.13175252079963684,-0.40503817796707153,-2.458549737930298,-0.7696959972381592,-1.0296955108642578,-0.9143843650817871,0.6753217577934265,0.25727716088294983,1.6213082075119019,-0.16087549924850464,0.12488643825054169,-0.285994291305542,0.9220985174179077,0.3139980733394623,-0.18553198873996735,-1.4295212030410767,0.2611983120441437,1.1484949588775635,-0.9931748509407043,-0.6192594170570374,0.8057702779769897,2.907728910446167,-0.3646337687969208,0.5957118272781372,-0.39375850558280945,0.714797854423523,0.38571444153785706,-0.21380388736724854,-1.162554383277893
amazon-health.csv,-0.5707412362098694,0.24085374176502228,0.2957954704761505,1.8133187294006348,-1.1460551023483276,1.0780816078186035,0.8385974168777466,-0.15526458621025085,-0.016094300895929337,0.5413938760757446,0.23206162452697754,0.580721914768219,0.10665246099233627,0.4741158187389374,-0.28751933574676514,-0.7394170165061951,-0.769669234752655,-0.37818434834480286,-1.4133917093276978,-0.48379695415496826,-2.210117816925049,0.2523122727870941,1.3281564712524414,-1.7431648969650269,0.5900688171386719,0.39458319544792175,-0.36759230494499207,-0.4570809602737427,-0.9057809710502625,-0.7025659680366516,0.9263628721237183,-1.1316715478897095,0.42609238624572754,0.5476807951927185,0.33642134070396423,0.3714785873889923,-1.2306950092315674,0.5372068285942078,0.4301963448524475,-1.7245893478393555,-0.26325365900993347,2.173123598098755,0.28530099987983704,0.28397905826568604,0.02917288988828659,-2.499502420425415,0.3399941027164459,0.2496120184659958,0.5787577033042908,-0.8432912826538086,0.22521522641181946,0.390097975730896,0.3627673387527466,0.11475932598114014,1.0655542612075806,-0.3618010878562927,0.49075382947921753,1.1912896633148193,0.5907992124557495,-0.5559592247009277,0.0649147480726242,-1.562471628189087,-1.827139973640442,-0.07423422485589981,0.4165407717227936,-0.3005935549736023,-2.0904159545898438,-0.8789368271827698,0.8281470537185669,0.9238265156745911,-0.5326635241508484,1.2242404222488403,-0.5832224488258362,-2.3294994831085205,-0.3781207799911499,0.31627726554870605,-0.1145220547914505,-0.9204258322715759,1.3298684358596802,-1.101251482963562,-0.37687569856643677,-3.0304455757141113,-0.9200016856193542,0.31647369265556335,0.2494158148765564,0.40141239762306213,-0.12270461022853851,-2.0567023754119873,1.9148237705230713,-0.5139076113700867,-0.4603388011455536,-2.0337491035461426,0.4351595938205719,0.0091685950756073,0.5596877336502075,-0.6128413081169128,-0.3316895067691803,1.7218695878982544,0.35460764169692993,-1.3470566272735596,0.9525557160377502,-2.0573227405548096,2.3661246299743652,-0.6114194989204407,-0.024470020085573196,0.2091701328754425,-0.04928965121507645,0.3267153203487396,0.35323619842529297,0.013088323175907135,0.6831820607185364,-0.17841628193855286,-0.39003732800483704,-2.3081929683685303,0.6255128383636475,-1.43282151222229,-1.8462581634521484,0.34304091334342957,0.5871298909187317,0.7121101021766663,-0.7524325847625732,-0.5849582552909851,-0.39758843183517456,-0.1885748654603958,-0.6337511539459229,-0.2214096337556839,-1.2621338367462158,-0.34946686029434204,0.6042008399963379,0.6481501460075378,0.4938218295574188,-0.16724123060703278,-1.0360422134399414,0.5006113052368164,-1.5718568563461304,1.5461671352386475,-0.31412452459335327,0.8323466181755066,0.8537322282791138,0.28565987944602966,0.23721285164356232,0.07209678739309311,-0.17878122627735138,2.8193585872650146,-0.21202856302261353,0.039875637739896774,-0.5071636438369751,-0.2009599208831787,-0.7903227806091309,-1.710137963294983,-1.5118494033813477,-0.038360100239515305,-0.04198309779167175,1.24284029006958,-0.0614904947578907,-0.12608885765075684,0.07821261882781982,0.8152778744697571,-0.9912993907928467,0.929487943649292,0.1911047399044037,2.1424825191497803,-1.6658133268356323,0.7811571359634399,-2.29030179977417,0.16809311509132385,-0.5224909782409668,0.07166649401187897,1.8047661781311035,-0.027611201629042625,2.2181005477905273,0.4654811918735504,0.7923876047134399,-1.7712641954421997,-1.0985443592071533,-0.9593372344970703,-1.1161527633666992,1.2621852159500122,-0.24002087116241455,0.40740320086479187,-1.3940279483795166,-0.3793798089027405,-0.3777175843715668,0.0484207347035408,0.3248167634010315,1.4227969646453857,-0.27215376496315,-0.5675798058509827,0.5295723676681519,-1.165757656097412,-0.06716784834861755,0.24622957408428192,1.543738603591919,-0.3652626872062683,-0.2773323059082031,-0.4093051254749298,-0.7157314419746399,0.3933441936969757,-0.5801150798797607,-1.839329481124878
jester3.csv,0.007323587313294411,0.34602978825569153,1.9371241331100464,2.0642471313476562,1.9965550899505615,-0.7410132884979248,0.0876491516828537,-0.6545764207839966,-0.04556712135672569,-0.8737736344337463,0.17819654941558838,-0.2185915857553482,-0.773836076259613,0.32678529620170593,-0.3319588303565979,0.044195011258125305,-0.2976602017879486,0.5389883518218994,-1.3525968790054321,-0.6842664480209351,-2.301530599594116,0.1064433753490448,0.8967373967170715,0.6306787133216858,0.1645902842283249,0.5813099145889282,-0.49461525678634644,-0.39394545555114746,-1.1926558017730713,-1.2189661264419556,1.1699259281158447,0.342520534992218,1.0371487140655518,0.8863063454627991,-1.018749713897705,-0.6172077059745789,-1.0079090595245361,-1.046056866645813,0.9986933469772339,0.06711436808109283,0.4890386462211609,0.8471232652664185,-0.3777817189693451,-0.7769477963447571,-0.4513636529445648,-0.3910059630870819,0.41660991311073303,0.6976088881492615,0.41584059596061707,-0.31803467869758606,0.27501654624938965,0.7247967720031738,0.6576475501060486,1.6109697818756104,0.28734925389289856,-0.07809105515480042,1.2091243267059326,1.3211939334869385,0.2385399490594864,0.9577527046203613,0.2980542480945587,-1.2063449621200562,-0.13374543190002441,-0.015421916730701923,-0.5010601282119751,-0.752967357635498,-0.4500913918018341,-0.7105729579925537,0.10921660810709,0.5451895594596863,0.7821581959724426,1.3954652547836304,-1.1119678020477295,-1.2078639268875122,-2.501232385635376,-0.7654657363891602,0.013533317483961582,-1.6163965463638306,0.23553794622421265,-0.15301473438739777,-0.1038164347410202,-1.127385139465332,-1.2412002086639404,0.4255981743335724,-0.20793861150741577,0.8626449108123779,-0.008442743681371212,-1.4725960493087769,0.8540383577346802,1.527451753616333,1.743516445159912,-2.112480640411377,1.6390705108642578,-0.9309197068214417,1.1225098371505737,1.0061169862747192,-0.5461046695709229,0.6970740556716919,-1.1995090246200562,-1.3323748111724854,0.24808348715305328,-0.7797031998634338,0.17629048228263855,-2.355372667312622,-0.35964298248291016,1.1202101707458496,-0.10312127321958542,1.195831060409546,0.07835084199905396,-1.0022029876708984,0.8706952333450317,-0.6135074496269226,2.5003116130828857,-0.7857036590576172,0.8898180723190308,-0.6216045022010803,-2.3230276107788086,0.2908323407173157,0.6411998271942139,-0.6157371401786804,0.03733421862125397,-0.6740016341209412,0.5544026494026184,1.0114041566848755,0.14028960466384888,0.23237620294094086,-1.6730573177337646,1.4791452884674072,-0.09613660722970963,0.5074288845062256,1.0798217058181763,0.6533191204071045,-0.4953218102455139,-0.23968307673931122,0.16967393457889557,-0.30791258811950684,-1.114262342453003,0.5234445333480835,-1.130704641342163,0.9724656343460083,0.0735345408320427,1.4388407468795776,0.9496968984603882,2.067131519317627,-0.2951584756374359,1.43998122215271,-0.2168283611536026,0.5028555989265442,-0.6457840800285339,-1.0944304466247559,-2.9453771114349365,1.3577760457992554,-0.10958829522132874,1.1313133239746094,0.5428205728530884,1.846323013305664,-0.4651065766811371,1.2283954620361328,-1.4897040128707886,0.07340961694717407,0.22036118805408478,1.3917242288589478,-1.2932900190353394,-0.3289182186126709,-2.071613311767578,-0.39255961775779724,-1.5096615552902222,-1.112072229385376,0.10461093485355377,-0.06942303478717804,0.48684147000312805,0.43407946825027466,0.6663742661476135,-1.5142320394515991,0.5082970261573792,-2.318552017211914,0.0675409585237503,0.46065863966941833,1.168382167816162,0.01268885750323534,0.7017389535903931,2.288388967514038,-0.035898152738809586,-0.5892423391342163,0.22318826615810394,0.9837121963500977,-1.5929677486419678,-1.2356823682785034,1.2926006317138672,-0.9700155854225159,-0.016859663650393486,-0.20263127982616425,1.2624332904815674,-0.16109181940555573,0.051287129521369934,0.9607232809066772,-0.25473958253860474,0.41044846177101135,0.11677321046590805,-1.0683512687683105
amazon-kindle.csv,0.2116151750087738,0.5580540895462036,-0.03214914724230766,2.7381348609924316,-1.3181242942810059,0.27809953689575195,1.2405906915664673,0.8199859857559204,0.28143399953842163,-0.5068466067314148,-0.45520567893981934,1.264892578125,-0.593603789806366,0.61115562915802,0.46384844183921814,-1.7132415771484375,0.2996518015861511,-0.2291461080312729,-0.671629011631012,-0.3826316297054291,-1.5727390050888062,0.5467406511306763,2.1065948009490967,-0.9755100011825562,0.2953120470046997,1.3667871952056885,-0.6111315488815308,-0.28285834193229675,-0.73967444896698,-1.0300451517105103,1.068286657333374,-1.5506231784820557,0.9668331742286682,0.38826659321784973,-0.3831636607646942,-0.6331121325492859,-0.6158037185668945,1.231326937675476,1.633410096168518,-1.716672420501709,0.15969711542129517,1.3277909755706787,1.518293857574463,0.09236236661672592,0.9322163462638855,-2.405553102493286,0.782689094543457,-0.23461520671844482,0.20381386578083038,-0.7825348973274231,-0.39737623929977417,0.24551084637641907,0.07367231696844101,0.12687213718891144,1.9186121225357056,0.4206623136997223,0.5742629766464233,0.7117029428482056,0.21472026407718658,-0.11223404854536057,-0.8184590339660645,-1.901947021484375,-1.698885202407837,-1.041899561882019,0.29435789585113525,-0.7703161835670471,-1.4462753534317017,-1.2108787298202515,0.16916970908641815,-0.2672770023345947,-0.5810195803642273,1.2971078157424927,0.5045357942581177,-0.7831529974937439,1.583627700805664,-0.6083683967590332,-0.11985112726688385,0.03843851014971733,1.3178790807724,-1.1099365949630737,-0.680513858795166,-1.9706320762634277,-0.27294376492500305,0.6827165484428406,0.43130797147750854,1.4647694826126099,-0.1048937439918518,-1.1456058025360107,1.6617729663848877,0.6047682166099548,-0.05469872057437897,-1.786285638809204,-0.5209974050521851,-0.6819438338279724,0.44592779874801636,-1.4325159788131714,0.8334009647369385,1.5015356540679932,0.05771954357624054,-0.8275198936462402,0.42733150720596313,-1.8075107336044312,2.2809159755706787,-0.006477486342191696,-1.2648009061813354,-0.07902391999959946,0.16060753166675568,0.08186347782611847,0.079612597823143,0.5680685043334961,-0.010645531117916107,0.6335815191268921,-1.0655263662338257,-1.4671015739440918,0.38689345121383667,-1.2713308334350586,-1.8029308319091797,0.2016191929578781,-0.3342931568622589,1.3754663467407227,-0.11728963255882263,0.5222876071929932,-0.04954509064555168,0.020202843472361565,-0.5475043058395386,-0.925015926361084,-1.1059809923171997,0.5407829880714417,0.32129067182540894,1.0084538459777832,1.031794548034668,-1.3495030403137207,-1.1351317167282104,1.09518301486969,-1.4038864374160767,0.5239660143852234,-0.3937913775444031,-0.10463051497936249,0.4782135784626007,0.9030930995941162,0.5832748413085938,1.0956178903579712,0.4692186713218689,2.3592567443847656,0.9163298010826111,0.14217302203178406,-0.6512932181358337,-0.018395693972706795,-0.20387238264083862,-1.5780084133148193,-1.5975019931793213,0.5849477052688599,0.3379429280757904,0.753794252872467,-0.32601895928382874,1.7195779085159302,-0.6039562821388245,0.25755780935287476,-0.6292723417282104,-0.10166362673044205,0.08172967284917831,1.850199580192566,-1.2754136323928833,0.15454363822937012,-2.1743948459625244,0.09636904299259186,-0.3089767098426819,0.06767075508832932,1.0108096599578857,0.9860748052597046,2.1398346424102783,0.5782321691513062,0.2083057463169098,-0.8925449252128601,-0.8128567934036255,-0.2794184684753418,-1.3057706356048584,0.5142413973808289,-0.4911624491214752,0.8577201962471008,-1.0080575942993164,-0.5067713260650635,-1.6159974336624146,0.33941686153411865,0.5471857786178589,1.818263292312622,-1.242763638496399,-0.8335806131362915,1.3856483697891235,-0.37600913643836975,-0.36327406764030457,0.13020284473896027,0.7243544459342957,0.5547301769256592,1.3202860355377197,0.09759140759706497,-1.9225807189941406,0.8967946171760559,0.6905621886253357,-1.648118495941162
amazon-food.csv,-0.4945968687534332,1.0663886070251465,0.3001214861869812,1.7989541292190552,-1.2484827041625977,1.7709919214248657,0.16782915592193604,-0.1462271362543106,1.14897882938385,-0.13615545630455017,-0.07856506109237671,0.7472363114356995,0.12529180943965912,-0.44886818528175354,0.0029328118544071913,-0.31438979506492615,-1.8390164375305176,-0.4136468470096588,-0.5025720596313477,-1.5865826606750488,-2.2180802822113037,0.09025569260120392,0.45967650413513184,-1.03184175491333,0.6879146099090576,-0.20790086686611176,-0.8222415447235107,-0.3901190459728241,-0.08091112226247787,-0.8344621658325195,1.3115899562835693,-0.20876705646514893,0.7797461748123169,0.7504077553749084,0.9879596829414368,0.37048178911209106,-0.46358200907707214,-1.181749701499939,-0.2736407518386841,-0.9873676896095276,-0.20442724227905273,1.492264986038208,1.2112047672271729,-0.6692610383033752,-1.5443845987319946,-2.0759670734405518,-0.7010482549667358,-0.6018698215484619,0.5483384728431702,0.34052276611328125,-0.41118401288986206,0.6091523766517639,0.3468942940235138,0.09482995420694351,1.1312763690948486,-0.5357238054275513,0.23021036386489868,0.5525509715080261,0.4954870343208313,0.44193968176841736,0.5459139943122864,-1.2573955059051514,-1.6523271799087524,0.4757915735244751,-0.09063021838665009,-0.31734034419059753,-2.053403615951538,-0.45670294761657715,0.9632776379585266,0.7476542592048645,-0.915244460105896,2.465385913848877,-0.613713264465332,-1.427925705909729,-1.9414499998092651,0.33289310336112976,0.8294983506202698,-1.4772557020187378,0.9419957995414734,-0.5080040693283081,-1.2330031394958496,-2.8104891777038574,0.9066498875617981,0.3389597237110138,-0.3133510649204254,-0.0752059817314148,0.35757049918174744,-1.9339525699615479,0.413288950920105,-0.7300184369087219,-0.08965020626783371,-0.9405192136764526,-0.48432621359825134,0.4198889434337616,0.029376385733485222,-0.20802117884159088,-0.9605923891067505,1.4770264625549316,0.14433744549751282,-1.373555302619934,1.0514394044876099,-0.7472009658813477,0.8348010182380676,-0.866534411907196,-0.2588964104652405,0.8352307081222534,0.03963383659720421,1.5298107862472534,-0.5529528260231018,0.02906564436852932,1.005020260810852,-0.09670765697956085,-0.03008025325834751,-2.585444211959839,1.1949821710586548,-0.7480536699295044,-2.2138092517852783,0.30104637145996094,0.8457386493682861,0.4901469945907593,-0.6978769302368164,-0.7179464101791382,-0.9806643724441528,0.4370889961719513,-0.3983616530895233,-0.24514347314834595,-0.7750382423400879,-0.46045857667922974,-0.45558544993400574,2.495237112045288,1.2562774419784546,-1.4215731620788574,-0.47814804315567017,0.03518890589475632,-0.5844760537147522,1.5169285535812378,-0.5331916213035583,-0.035062775015830994,0.6337100863456726,-0.1885964572429657,0.04168102517724037,1.0105127096176147,-0.2509536147117615,1.7914113998413086,-1.0918982028961182,0.15324139595031738,-0.12287472933530807,0.3932730257511139,-0.7474726438522339,-0.8781535625457764,-0.030146129429340363,0.7182847857475281,-1.1038230657577515,0.6963097453117371,-0.48496320843696594,0.02576601132750511,0.008264832198619843,0.6720004081726074,-0.9239329695701599,0.8950693607330322,0.6160991191864014,1.4765088558197021,-1.1206023693084717,0.8552404642105103,-1.8696433305740356,-0.357432097196579,-0.6844617128372192,0.8618113398551941,2.8651349544525146,-0.6610769629478455,1.4589906930923462,-0.31909316778182983,1.4262635707855225,-1.1664434671401978,-1.1237043142318726,-1.370529055595398,-1.8662734031677246,2.25235915184021,1.0538126230239868,1.263896107673645,-1.1864686012268066,-0.22137011587619781,0.6003817319869995,0.15951938927173615,-0.11942951381206512,1.3896477222442627,0.524822473526001,-0.9250403642654419,1.1862361431121826,-0.5095613598823547,0.5235428214073181,0.710289478302002,1.3283237218856812,1.260786771774292,0.13742080330848694,0.12634950876235962,0.6012186408042908,0.6191086173057556,-0.5764374136924744,-1.394587516784668
amazon-automotive.csv,-0.0687425285577774,0.8216692805290222,0.885063111782074,2.096494674682617,0.17014606297016144,1.036022424697876,1.055288314819336,-0.05983591079711914,0.4567071497440338,-0.8586471676826477,-1.0214813947677612,1.3486738204956055,-0.489956259727478,-0.18209198117256165,1.0747047662734985,-0.4073772430419922,-0.5717376470565796,-0.09043413400650024,-0.6609064340591431,-2.1239962577819824,-1.0066299438476562,1.009043574333191,1.852146029472351,-0.6132447123527527,0.4809930622577667,0.36000651121139526,-0.6782204508781433,-0.9617549180984497,0.16941902041435242,-1.3018031120300293,1.2197283506393433,-1.1232457160949707,0.8042044639587402,1.1794047355651855,1.3589075803756714,-1.2608343362808228,-0.19646914303302765,-0.8334429264068604,0.6879865527153015,-0.9293693900108337,0.26687899231910706,0.30275198817253113,1.5147769451141357,-0.35055917501449585,-0.1473666876554489,-0.4254947006702423,-1.1617763042449951,-0.9803545475006104,0.17081846296787262,-0.11198897659778595,-1.1623064279556274,0.9491617679595947,-0.37058717012405396,-0.6769070625305176,1.3555221557617188,0.9102399945259094,1.708585262298584,0.872615396976471,0.8912191390991211,0.950268566608429,0.8218684196472168,-1.1538046598434448,-1.181339979171753,-1.4428974390029907,0.26827460527420044,-0.8136889338493347,-2.1217689514160156,-0.6333987712860107,1.5065399408340454,-0.7130616903305054,0.016958145424723625,2.3370540142059326,-0.11768212914466858,-0.10856058448553085,-0.855923056602478,-0.3494948148727417,0.12358013540506363,-0.2951480448246002,1.1635040044784546,-0.5643457174301147,-1.448763370513916,-1.3846665620803833,0.9088461399078369,-0.5898082852363586,-0.24403353035449982,0.15948355197906494,0.3511229157447815,-1.8037872314453125,0.12217409163713455,0.2459915727376938,0.788296639919281,-0.7093237638473511,-0.4313008785247803,0.44303926825523376,-0.3287672996520996,-0.9783064723014832,0.3525061309337616,1.09630286693573,1.1195863485336304,-1.2308812141418457,1.0518240928649902,-0.5673883557319641,0.22508694231510162,0.018767550587654114,-0.2853051424026489,0.7017484307289124,0.29572635889053345,1.8994966745376587,-0.24459771811962128,0.4329703152179718,0.9641352295875549,0.451398640871048,-0.7367227077484131,-1.487107515335083,1.0041706562042236,0.1088176742196083,-2.744274139404297,1.022811770439148,0.2985677421092987,0.6004664897918701,0.2550279200077057,-0.7362203598022461,-0.3608347177505493,0.6586741209030151,0.004860206972807646,-0.0010038145119324327,-0.8306710124015808,0.7422688007354736,-0.3278251886367798,1.9818933010101318,1.7045260667800903,-1.5973676443099976,-0.43551087379455566,-0.03276113048195839,-0.5711941719055176,1.444907784461975,0.543969988822937,-1.58486008644104,-0.4560042917728424,-1.2852531671524048,-0.4046159088611603,0.7663407921791077,0.6097586750984192,0.7123634219169617,0.14966772496700287,0.4274924695491791,-0.5153082609176636,-0.37212952971458435,-0.6406347751617432,-1.0810126066207886,-1.812098741531372,0.6100475788116455,-0.3473840355873108,0.6612195372581482,-0.3255823254585266,0.746690571308136,-0.6386770606040955,-0.3206964135169983,-1.4331196546554565,0.9853687286376953,1.1844106912612915,1.0469521284103394,0.6160356998443604,0.09528906643390656,-2.323247194290161,-0.7763503193855286,-0.5640772581100464,-0.08397893607616425,2.248107433319092,0.279191792011261,-0.4802789092063904,-0.7652167677879333,1.016193151473999,-0.9196929335594177,-2.1120455265045166,-1.1647063493728638,-2.0567026138305664,1.0266793966293335,2.1062233448028564,1.6109023094177246,-1.0630793571472168,-0.022717943415045738,-0.5262817144393921,0.01929640956223011,0.11730511486530304,1.9538342952728271,-1.0397365093231201,-1.0808781385421753,2.334459066390991,0.7695580720901489,-0.30866146087646484,-0.17089395225048065,1.0038963556289673,1.3981441259384155,0.8359514474868774,-0.1382877677679062,-0.6603228449821472,0.9061203002929688,0.8574072122573853,-1.5359140634536743
movielens10m.csv,-0.9180067777633667,0.41823452711105347,0.8567812442779541,1.0745877027511597,-1.100900411605835,0.19289828836917877,0.4650312066078186,0.12973229587078094,-1.1969871520996094,-1.0769139528274536,-0.622970461845398,-1.5959886312484741,-0.3582755923271179,0.3514559864997864,0.2600625157356262,0.024782052263617516,-0.33620685338974,-0.5694713592529297,-1.6760072708129883,-0.9824252128601074,-1.7125499248504639,-0.25646504759788513,1.646183967590332,-1.1925674676895142,-0.341693252325058,1.7834099531173706,0.26257219910621643,0.2014174908399582,-0.12210486084222794,-1.4149473905563354,0.8940552473068237,0.6019737124443054,1.5438083410263062,0.86623615026474,-0.610633134841919,0.3393264710903168,1.288084864616394,1.4798798561096191,1.4799816608428955,-1.74882972240448,-0.19286763668060303,-0.01777682639658451,0.2138512283563614,-0.32321152091026306,-0.7046294212341309,-1.1668590307235718,1.5924651622772217,0.9611022472381592,1.5739991664886475,-0.9334254264831543,-1.121047854423523,0.48712798953056335,0.08980397135019302,0.2411659210920334,1.6159805059432983,-0.14679792523384094,0.5322343111038208,-0.352445125579834,0.9777548909187317,0.054871223866939545,0.5052888989448547,0.07000240683555603,-2.3103654384613037,-1.2814686298370361,-0.35793840885162354,-0.34372836351394653,-0.9887265563011169,-0.7457776665687561,1.158729076385498,0.7202878594398499,0.621190071105957,0.42067843675613403,0.11085233837366104,-2.2713942527770996,-0.7161888480186462,-0.5178961157798767,0.9595149755477905,-1.7929021120071411,1.4117035865783691,0.7759990096092224,-0.4665635824203491,-0.022646469995379448,0.17540541291236877,-1.0285048484802246,0.6821595430374146,-0.5315263867378235,0.8737795352935791,-0.7876225709915161,1.308410406112671,-0.48080793023109436,1.0576210021972656,-0.4859467148780823,-0.9433274269104004,0.4778133034706116,0.5438829064369202,1.2074297666549683,-0.20938228070735931,1.8648136854171753,0.0803879126906395,0.2303880900144577,-0.387989342212677,-1.7794179916381836,2.0053024291992188,-1.5755736827850342,0.3671632409095764,1.4423688650131226,1.2607783079147339,0.4523950219154358,-0.21221910417079926,-0.34624266624450684,1.1208207607269287,-0.6215527653694153,-2.064885377883911,-0.8459133505821228,0.5455241203308105,0.3805568218231201,-1.7199623584747314,0.5049204230308533,-1.4079283475875854,0.7426251173019409,-1.2789493799209595,0.8815402388572693,0.06588533520698547,0.8308426141738892,-0.9424460530281067,-0.2283424735069275,0.37085896730422974,0.6200060844421387,-0.3949228525161743,0.7863208055496216,0.44019559025764465,-2.218939781188965,-0.787043035030365,0.49270305037498474,0.14639446139335632,-0.38774046301841736,0.17699724435806274,0.25117334723472595,0.6430461406707764,0.14198270440101624,-0.5372712016105652,1.794079303741455,-0.518032968044281,0.9606385231018066,-0.30174458026885986,-0.3543248772621155,1.5547940731048584,-0.663205623626709,-0.2575196325778961,0.24931232631206512,-1.6238247156143188,0.3449265956878662,0.742326021194458,2.068033218383789,0.6049100756645203,1.1380600929260254,-0.12583807110786438,0.7234809398651123,-0.8266761302947998,0.21945179998874664,1.394792079925537,1.3694531917572021,-2.5676534175872803,0.008063786663115025,-1.8693195581436157,-0.3110637962818146,-1.5640980005264282,1.1746349334716797,1.051564335823059,-0.6377431750297546,1.4071664810180664,0.11349489539861679,0.7252368927001953,-0.6724036335945129,0.3559596538543701,0.012142535299062729,-0.9118407368659973,1.5987685918807983,2.2430684566497803,1.11170494556427,-0.6475172638893127,0.709534227848053,-0.7116425037384033,-0.5641857385635376,1.6160247325897217,0.893358051776886,-0.11365670710802078,-0.22169002890586853,0.3007006049156189,-1.1722257137298584,-2.459475517272949,-0.8182002305984497,1.2128642797470093,1.0212849378585815,0.13918252289295197,-0.3900505304336548,0.4932692348957062,0.27983933687210083,1.2135390043258667,0.40140387415885925
amazon-instruments.csv,0.4774789810180664,0.8120688199996948,0.03922639042139053,2.737534284591675,-0.7937616109848022,0.7154914736747742,0.7325865030288696,1.481031060218811,0.37436726689338684,-1.5298457145690918,-0.2848008871078491,0.5355905294418335,-0.7237213253974915,-0.3210406005382538,1.0448013544082642,-0.8176217079162598,-0.3835274875164032,0.4599522054195404,-0.411499559879303,-1.1993647813796997,-1.633543610572815,0.962618887424469,1.6712478399276733,-0.40665245056152344,0.21753163635730743,0.24982403218746185,-1.1323127746582031,-0.4508330821990967,0.12151779979467392,-1.3462817668914795,1.5274101495742798,-1.2349708080291748,0.3240987956523895,1.2267881631851196,1.4872288703918457,-0.8581178784370422,0.9277467131614685,0.4311541020870209,0.30081596970558167,-0.39365968108177185,0.18563632667064667,0.11808258295059204,1.7815306186676025,-0.8288169503211975,-1.2239216566085815,-1.3676259517669678,-0.5680975914001465,-0.390569269657135,0.9844058156013489,0.5913035273551941,0.01808527298271656,-0.2891111671924591,-0.7725852131843567,0.15987840294837952,1.942483901977539,-0.4724513292312622,1.0734061002731323,-0.17190103232860565,0.703904390335083,-0.007900147698819637,0.41176462173461914,-0.1537466049194336,-0.6794001460075378,-0.45422911643981934,0.10930033028125763,-0.18616552650928497,-1.093692421913147,-1.186887264251709,1.1399177312850952,-0.5102809071540833,-0.44630053639411926,3.263144016265869,0.5513166785240173,-0.07700935006141663,-0.7437202334403992,0.7076519727706909,1.1077739000320435,0.1630653440952301,0.0830165296792984,-1.0173643827438354,-1.827858805656433,-1.392856240272522,1.2458616495132446,0.3352566361427307,-0.14710502326488495,0.39638715982437134,-0.11307209730148315,-1.7504810094833374,-0.032022956758737564,0.7337753772735596,1.38035249710083,-1.1102235317230225,-0.3979493975639343,0.2516195476055145,1.283909797668457,0.3479541838169098,-0.5379065871238708,-0.03571582958102226,-0.12446419149637222,0.36298230290412903,0.657188892364502,-0.19442042708396912,-0.4020693600177765,-0.15881191194057465,-1.2053091526031494,0.725771427154541,0.6103845834732056,0.07700690627098083,-0.5673336982727051,1.4899406433105469,-0.33950796723365784,-0.4639488160610199,-0.5957698225975037,-1.6859740018844604,0.8202886581420898,-0.7516459822654724,-2.0619287490844727,0.16395829617977142,-0.08824065327644348,0.19861476123332977,-0.7120887041091919,0.29122787714004517,0.944266140460968,-0.12326636165380478,0.5211456418037415,-0.17743659019470215,-1.4164278507232666,0.45955100655555725,-0.5449019074440002,3.1394970417022705,0.5711113810539246,-1.7521934509277344,-0.6165027618408203,0.1681000143289566,-1.0658713579177856,1.1366462707519531,0.09505913406610489,-1.4622056484222412,0.7104293704032898,0.10484132915735245,0.11023113131523132,1.245538592338562,1.3983969688415527,1.9269605875015259,-0.13346987962722778,0.21939189732074738,-0.1533874124288559,0.5231114029884338,-0.37958064675331116,-1.3983081579208374,-0.30478954315185547,1.4061901569366455,-0.21659936010837555,1.1772464513778687,-0.8434444069862366,2.5640146732330322,-1.2292723655700684,-0.7187255024909973,-1.5237449407577515,-0.5483378171920776,-0.15662093460559845,0.028353149071335793,-0.5593766570091248,1.3506414890289307,-2.347508430480957,-0.5625350475311279,-0.6437238454818726,0.02321111597120762,2.5914292335510254,-0.0006333929486572742,1.1750948429107666,-0.708301305770874,0.7362461090087891,-0.6408693790435791,-0.9660387635231018,-0.8962851166725159,-1.0040786266326904,1.6716424226760864,1.0106333494186401,0.40001651644706726,0.3475154936313629,0.8146013021469116,-2.154362678527832,0.7576586008071899,-0.0492280051112175,2.008223056793213,-0.15665596723556519,-2.0592174530029297,0.9842983484268188,-0.26569032669067383,-0.3608255684375763,1.5623033046722412,0.8559092283248901,1.0037132501602173,0.6642988324165344,0.21711760759353638,-0.8455831408500671,0.94492107629776,0.3197435438632965,-0.38137927651405334
yahoo-movies.csv,0.823649525642395,0.3695043623447418,0.3759389817714691,1.2985655069351196,1.3110461235046387,-0.39791470766067505,0.6995960474014282,1.6395443677902222,0.6171054244041443,-0.7389746308326721,0.4152480363845825,1.647627353668213,0.49167600274086,0.19708152115345,-0.8406290411949158,-0.8159638047218323,-0.8976883888244629,-1.5866488218307495,0.33622729778289795,-1.4303674697875977,-1.0401707887649536,0.4590111970901489,0.21602606773376465,-0.2634574770927429,1.017943263053894,0.1324075311422348,0.1683439165353775,0.5268260836601257,-0.42396730184555054,-1.2227146625518799,-0.25267377495765686,-0.44430503249168396,-0.09989690780639648,0.4984850287437439,1.0321661233901978,-1.0337270498275757,0.08709395676851273,-0.1510070562362671,-0.178643599152565,-0.07964109629392624,-0.06098835915327072,1.7525835037231445,1.5654864311218262,-1.2802419662475586,0.03946655988693237,-0.5369486212730408,-2.4992525577545166,-0.02955528534948826,-0.25978732109069824,-1.185629963874817,-0.1231747567653656,0.9882346987724304,0.6299973726272583,0.9392967820167542,1.4898127317428589,-0.10384433716535568,1.3805590867996216,0.4544026255607605,1.5776020288467407,0.4189656674861908,-0.11365201324224472,-0.2929955720901489,-2.0375938415527344,-0.11788003891706467,-0.7796313762664795,-0.5364715456962585,-1.8299314975738525,-1.4561291933059692,1.9811513423919678,0.3539673686027527,0.46387526392936707,1.8175790309906006,-0.11938932538032532,-0.8411160707473755,-1.8468629121780396,-0.46285200119018555,1.0696324110031128,-0.05405736714601517,1.2153074741363525,-1.3127378225326538,-1.4810045957565308,-1.6920571327209473,0.5226802229881287,1.0652663707733154,-0.7540860176086426,-0.48737668991088867,0.5698027014732361,-1.0933102369308472,1.4477568864822388,0.2493351548910141,-0.36876171827316284,-0.2635142505168915,0.21363894641399384,0.250482976436615,0.1880480945110321,0.2989644408226013,0.20728297531604767,0.776793897151947,0.25082916021347046,-2.738539218902588,1.7487499713897705,-1.190280795097351,1.566240906715393,-0.21014629304409027,0.8962457180023193,1.337449073791504,0.9839088320732117,0.8876386284828186,-0.24859759211540222,0.17205968499183655,-0.15869952738285065,0.23146092891693115,-1.1074849367141724,-0.8279410600662231,0.6794475317001343,-0.14234107732772827,-2.374375820159912,-1.4135568141937256,-0.21133673191070557,0.21608151495456696,-1.0945357084274292,1.4633965492248535,-0.11035788804292679,0.10629339516162872,0.6136106848716736,0.39401325583457947,-1.081062912940979,-0.07909456640481949,-0.2579205334186554,1.8812354803085327,1.6754553318023682,0.10086152702569962,-0.43959909677505493,-2.0246691703796387,0.4026906490325928,0.24839895963668823,-0.6392589211463928,-1.4681068658828735,-1.1944615840911865,-0.8058014512062073,-0.21628642082214355,0.4546627700328827,-0.08971496671438217,1.9039791822433472,1.0012669563293457,-0.12891259789466858,0.40664857625961304,0.5842090249061584,-1.1204454898834229,-1.687193751335144,-0.343230664730072,-0.19068537652492523,0.8830718994140625,-0.31273090839385986,0.6035452485084534,0.7539939284324646,-0.3598339855670929,-0.43544694781303406,0.054998673498630524,-0.25373372435569763,1.0166407823562622,0.20136822760105133,-1.2987651824951172,0.7311724424362183,-1.2200844287872314,-1.2901216745376587,0.06257442384958267,-0.6434774994850159,2.5008962154388428,-0.1248500719666481,1.0658636093139648,0.31943613290786743,0.7149531841278076,-2.1496987342834473,-0.07584952563047409,-1.1202044486999512,-1.2842528820037842,1.1750212907791138,1.9369937181472778,1.3510664701461792,0.8308786749839783,-0.5503435730934143,-0.8070136904716492,1.2483668327331543,0.499872088432312,-0.07897894084453583,-0.17407584190368652,-1.4757521152496338,2.137000560760498,-1.4987624883651733,-0.7637527585029602,0.5481007695198059,0.8123488426208496,1.9332213401794434,-0.3506331145763397,-0.6150128841400146,-0.9140151739120483,0.049301523715257645,-0.7588925361633301,0.26266419887542725
amazon-beauty.csv,0.0748029425740242,0.43235018849372864,-0.6523087024688721,1.728750467300415,-0.6316545009613037,0.7837578654289246,0.23965327441692352,0.642923891544342,1.731393575668335,-0.7670050859451294,0.8785973191261292,0.7096834182739258,-0.5566219091415405,-1.6034395694732666,0.8357795476913452,1.1121488809585571,-0.19695448875427246,0.04378373548388481,-0.855169951915741,0.5716313123703003,-1.9336216449737549,-0.6593549251556396,1.4537389278411865,-0.24645432829856873,0.2207154929637909,1.7017488479614258,1.0838825702667236,0.17206941545009613,0.2955648601055145,-1.9593051671981812,1.2374271154403687,0.5765299797058105,1.2551789283752441,1.0232281684875488,-0.32454538345336914,-0.5418961644172668,-1.7257460355758667,1.5588427782058716,2.8514328002929688,-0.930834949016571,0.24601532518863678,0.7836436629295349,1.2451331615447998,-0.2733272910118103,-0.76573646068573,0.18388855457305908,-0.9429234862327576,-0.32551002502441406,0.3296140730381012,0.6678652167320251,-0.21159836649894714,0.6947639584541321,0.8965198397636414,-0.3161848485469818,0.2674527168273926,1.5497740507125854,-1.3923907279968262,0.4420557916164398,0.965610682964325,0.4794583022594452,-0.6587954759597778,-0.7588351964950562,0.2960185706615448,-1.3663313388824463,-0.37786778807640076,-1.0447003841400146,-1.6668574810028076,-1.5576814413070679,0.7466187477111816,0.5768812894821167,-0.6915006637573242,-0.0026458343490958214,-0.04869336262345314,0.11303157359361649,0.7636055946350098,0.7459312081336975,-0.12130914628505707,-1.363189697265625,1.4803364276885986,-1.859484314918518,-0.01868131011724472,-1.9030438661575317,-1.0551143884658813,0.9472056031227112,0.53258216381073,-0.08245791494846344,0.4285129904747009,-0.7629313468933105,1.5011680126190186,-0.41957297921180725,-0.8888922929763794,0.8909666538238525,-0.47352898120880127,0.6256017684936523,1.0964633226394653,0.3005208671092987,-0.17543169856071472,0.8276132345199585,-0.3099176585674286,-0.3072083294391632,0.8915144801139832,-0.4541092813014984,1.1390366554260254,0.14018182456493378,-0.8053950071334839,-0.1143692135810852,-0.561987578868866,0.14753536880016327,0.13747413456439972,-0.9134765267372131,1.500727653503418,-0.20854976773262024,1.0190356969833374,-1.2552285194396973,1.2684056758880615,-1.3560982942581177,-1.2963119745254517,-0.8777028918266296,-0.013900898396968842,1.1566736698150635,-1.4430791139602661,0.7389219403266907,1.2607933282852173,1.4803059101104736,1.0493576526641846,-0.03692486882209778,-0.4578551650047302,0.2720819115638733,-0.1828576624393463,1.8799043893814087,-0.2358832210302353,-1.663470983505249,-1.1853653192520142,-0.4571693241596222,-1.009358286857605,-0.8724886775016785,-0.6739615797996521,0.4034646451473236,0.48126623034477234,-0.600566565990448,0.6043503880500793,1.108288049697876,0.4703916907310486,1.2586731910705566,-0.67805415391922,-0.24595023691654205,-0.004514573607593775,0.6587813496589661,-0.0099761001765728,-1.0555890798568726,-0.8124674558639526,0.9227153658866882,0.4485180675983429,1.0533747673034668,-0.5050840377807617,1.571256160736084,-0.48371759057044983,0.8574779033660889,0.7960159182548523,1.1603468656539917,-0.11223592609167099,0.30866414308547974,-1.2225793600082397,1.5041766166687012,-2.4627668857574463,-1.9275932312011719,-0.37147635221481323,-1.598995327949524,1.9671703577041626,0.04942192882299423,0.4522947669029236,0.549401044845581,0.17452247440814972,-1.3788002729415894,-0.9108227491378784,-0.21360580623149872,-2.6591365337371826,1.6904789209365845,-0.9650851488113403,1.5277632474899292,-0.921168327331543,0.38248345255851746,0.3731503486633301,1.3684028387069702,0.9249880313873291,-0.15723785758018494,-0.6206828355789185,-2.5442702770233154,1.2185747623443604,-0.6569302082061768,-0.25641775131225586,0.1724516749382019,0.7326529622077942,0.002055642195045948,0.8774259686470032,0.7096461057662964,1.1776930093765259,1.668357014656067,0.7382439374923706,0.8431426882743835
amazon-tools.csv,-0.38432326912879944,0.8969851136207581,0.09062987565994263,1.802133560180664,-1.4671186208724976,0.3234790861606598,-0.27544882893562317,-1.2729790210723877,-0.14066515862941742,0.5880008935928345,-1.5052552223205566,0.523918867111206,0.4990295171737671,-0.9240506291389465,-0.2905557453632355,-2.0764315128326416,0.36517733335494995,0.12609949707984924,0.3831881880760193,-0.16099913418293,-2.533742904663086,-0.741610050201416,0.30168861150741577,-1.3766049146652222,0.15843188762664795,0.38514941930770874,0.29551631212234497,0.8206804394721985,-0.025166179984807968,-0.8954355716705322,0.7912383675575256,-0.08642680197954178,0.33611345291137695,0.3574317395687103,-0.17947877943515778,0.46991217136383057,-2.0465450286865234,0.04651736468076706,1.3462733030319214,-1.397862434387207,0.2895415127277374,1.6024703979492188,0.1504335254430771,-0.6608691811561584,-1.3161190748214722,-1.8825910091400146,-0.7672789096832275,0.04530046507716179,0.7703546285629272,0.62845778465271,-1.3175125122070312,0.7539281249046326,0.11638077348470688,0.44751518964767456,1.1168285608291626,-0.41470351815223694,1.0615808963775635,-0.9130226969718933,0.11420667916536331,0.3220825791358948,0.7735307812690735,-1.4833147525787354,-1.4307888746261597,0.7110792398452759,-1.0629748106002808,0.02319185622036457,-0.74077308177948,-0.9283933043479919,1.5862579345703125,0.9263020157814026,0.028697794303297997,2.5788769721984863,0.454786092042923,-2.2358949184417725,-1.286408543586731,0.4461411237716675,-0.7676637172698975,-1.3223202228546143,0.8515132069587708,-0.578235924243927,-0.5652847290039062,-0.7936842441558838,1.085513949394226,-0.187011256814003,-0.43144887685775757,-0.7158375382423401,-0.26532241702079773,-0.7675529718399048,1.5837088823318481,0.13494057953357697,-0.8654526472091675,-2.03413987159729,2.233935594558716,0.8033993244171143,0.4780450463294983,-1.0961928367614746,-0.8691888451576233,0.4212857484817505,-0.20599979162216187,0.5616194009780884,0.6303842663764954,-2.026423931121826,0.5850280523300171,-0.058866240084171295,0.05578342452645302,0.2702280580997467,0.41528281569480896,0.8423104286193848,0.08568868786096573,-0.8769859075546265,-0.6265726089477539,0.38292741775512695,-0.6641290187835693,-1.427410364151001,1.455670714378357,-1.796000599861145,-1.3441860675811768,-0.8989114761352539,1.3090708255767822,-1.0956268310546875,-1.6258320808410645,-1.5963499546051025,-0.47808992862701416,-1.0245507955551147,0.8136798739433289,0.2564459443092346,-1.3376129865646362,-1.0167981386184692,-0.9333000183105469,0.26415443420410156,0.03686293214559555,-0.5273846387863159,0.6638257503509521,-0.8505249619483948,-1.7386856079101562,0.33400943875312805,-1.3931920528411865,-0.07450608909130096,0.6399480104446411,-0.08258414268493652,0.7326774001121521,1.1191695928573608,1.0841881036758423,1.0903472900390625,0.6782287955284119,-0.408809632062912,-0.49536970257759094,0.46057555079460144,-0.9651477932929993,-1.6202532052993774,-1.1981135606765747,-0.9569808840751648,0.08435925841331482,0.7691050171852112,-1.1242389678955078,0.16910478472709656,-1.0748933553695679,1.6202449798583984,-1.0691665410995483,1.6543207168579102,0.02350720949470997,0.32953035831451416,-1.3030868768692017,0.29655754566192627,-1.668655514717102,0.402656614780426,-0.8574712872505188,0.4331372380256653,1.5278377532958984,-1.134497880935669,0.5976044535636902,-0.6534153819084167,1.6773490905761719,-1.6016807556152344,-0.9769089818000793,-1.3730663061141968,-1.5472007989883423,1.3061147928237915,0.025648150593042374,0.7591913342475891,-1.2620213031768799,-0.2885858416557312,0.28810063004493713,0.11325237154960632,0.7801340222358704,-0.3288605809211731,1.0054086446762085,-1.251753330230713,0.400779664516449,-1.0134203433990479,0.9666303396224976,0.36343878507614136,2.572899341583252,-0.35723164677619934,0.9223881959915161,0.4802730083465576,0.16472718119621277,0.40394484996795654,1.2692371606826782,-0.771547257900238
amazon-baby.csv,0.16687560081481934,1.3207248449325562,1.652421474456787,1.3980622291564941,-0.034715063869953156,0.024983201175928116,0.18550245463848114,0.4604378044605255,0.739567220211029,-1.4366884231567383,-0.9080414175987244,1.3438646793365479,-0.11472054570913315,0.2372812181711197,0.11305414140224457,-1.0541071891784668,-0.1980610340833664,1.2344385385513306,-0.09679576754570007,-0.9035681486129761,-2.3346521854400635,-1.5024771690368652,0.4702722728252411,-0.11098726838827133,-0.27961257100105286,0.29675745964050293,-0.2382708042860031,-0.5702192783355713,0.17244289815425873,-1.7987191677093506,1.758547067642212,0.21940924227237701,0.7396532297134399,1.9260058403015137,0.21713823080062866,-1.9422574043273926,0.5464490652084351,-0.4631173312664032,1.8876159191131592,-1.861891508102417,0.2166045755147934,1.173507809638977,1.5973026752471924,-2.036726713180542,0.9432162642478943,-1.35313880443573,-0.8527005910873413,-0.7711147665977478,0.4337788224220276,0.03428947925567627,-0.7701449990272522,-0.5395644903182983,0.14820560812950134,1.7784830331802368,1.64948570728302,1.04888117313385,0.8969453573226929,0.9576035737991333,-0.23434759676456451,-0.6273101568222046,0.6018926501274109,-0.07160178571939468,-2.3315072059631348,-0.2605167031288147,-0.42506492137908936,0.14827054738998413,-1.031650424003601,-1.3340190649032593,0.13613812625408173,0.5456965565681458,-0.6306492686271667,-0.39700642228126526,-0.22124391794204712,-0.9812607765197754,0.9927226901054382,-0.3085099756717682,0.2828676104545593,0.604939341545105,0.8683984875679016,0.3638189733028412,-0.4689728915691376,-1.0021406412124634,0.9737310409545898,0.024105839431285858,-0.16256089508533478,0.7533553242683411,-0.42012888193130493,-0.8625529408454895,-0.002090454800054431,-0.19270911812782288,0.11056758463382721,-0.9299768805503845,-0.25413957238197327,-0.2392951250076294,1.606351375579834,-0.4332595467567444,0.6238242983818054,1.1637619733810425,0.21536538004875183,-0.14165440201759338,-0.012258145026862621,-0.24821074306964874,0.7814556956291199,-0.8647627830505371,-0.7697360515594482,-0.2113812416791916,0.5172795057296753,0.2933049499988556,0.49504420161247253,0.6315960884094238,0.549031674861908,0.8950617909431458,-0.4576272666454315,-0.2971608638763428,1.4172649383544922,-1.3815912008285522,-0.10220930725336075,0.15837690234184265,1.6136411428451538,0.4362943768501282,-0.37732070684432983,-0.6617900729179382,-0.26520487666130066,-0.28501489758491516,-0.7895487546920776,-0.6934620141983032,-1.3400877714157104,1.0564759969711304,-0.6064072847366333,0.5099034905433655,0.18951034545898438,0.13024841248989105,-0.5403472185134888,-0.8305152654647827,-0.7280941009521484,0.6627800464630127,-0.29667896032333374,-0.779058039188385,-0.751128077507019,0.49686938524246216,-0.33044734597206116,1.2848669290542603,0.2138720452785492,2.566840887069702,1.4279545545578003,0.7653927206993103,0.6706636548042297,-0.5954042673110962,0.08111461997032166,-1.5251877307891846,-0.1777244210243225,1.4932303428649902,-0.16497702896595,-0.012915858998894691,-0.11104661971330643,2.6773853302001953,-0.5550534129142761,1.183995246887207,-1.4375971555709839,0.9860196113586426,0.2671642601490021,1.7776978015899658,-2.7128260135650635,0.14392304420471191,-1.742167353630066,-0.5471757650375366,-0.8017995357513428,1.4490975141525269,0.9736428260803223,-0.3910347819328308,1.2433332204818726,-0.050028104335069656,0.8612279295921326,-1.0889861583709717,-1.8238506317138672,-0.8916208744049072,-1.3052760362625122,0.9067259430885315,0.19409950077533722,1.939747929573059,-1.5715888738632202,-0.7886443138122559,-0.5675911903381348,0.053274717181921005,1.0006710290908813,2.0913002490997314,-0.9251471757888794,-2.3686251640319824,1.6949186325073242,-1.133128046989441,-0.08755309879779816,-0.9264549612998962,-0.8573083281517029,0.7391875386238098,1.5149738788604736,-1.1544268131256104,-1.6234732866287231,-0.16402149200439453,0.18557418882846832,-0.9805181622505188
amazon-sports.csv,-0.28572267293930054,0.2864012122154236,-0.26274701952934265,2.1178975105285645,-0.5950179100036621,0.8714553713798523,0.9277011156082153,-0.6827000379562378,1.115767478942871,-0.4215203523635864,-0.9856879115104675,-0.5129513144493103,0.5811664462089539,0.4015773832798004,0.12582609057426453,-0.11754592508077621,-0.10873157531023026,0.5264795422554016,-1.5038394927978516,-0.9782160520553589,-2.113492727279663,0.8931824564933777,1.1261262893676758,-0.6332402229309082,0.4219508767127991,0.6103578805923462,-1.7903465032577515,0.3882915675640106,-0.3119999170303345,-1.6051690578460693,1.2863155603408813,-0.06039663404226303,2.1735119819641113,-0.020854348316788673,1.073839783668518,0.10373689979314804,-0.8994343280792236,-0.03455017879605293,-0.43051108717918396,-1.2941783666610718,-0.06929274648427963,1.3072705268859863,-0.5704991221427917,-0.02797126956284046,-0.5835282802581787,-0.9035771489143372,-0.7253027558326721,-0.3061741590499878,0.44015827775001526,0.2490905225276947,-1.2587250471115112,1.089039921760559,0.09182204306125641,-0.20916558802127838,1.4319639205932617,-0.34340664744377136,1.3098375797271729,0.06407128274440765,1.4183472394943237,-0.39401596784591675,1.0590344667434692,-1.151448130607605,-2.3198323249816895,-0.8266535997390747,-0.0029780506156384945,0.13602906465530396,-1.620723009109497,-1.8075780868530273,1.143520712852478,-0.12149100005626678,-0.8248624205589294,1.3399468660354614,0.18203029036521912,-0.1545722335577011,0.14040538668632507,0.7492615580558777,0.23959390819072723,-1.601033329963684,0.9812720417976379,-0.7519861459732056,-0.2041522115468979,-1.8873370885849,-0.06247385963797569,-0.23788751661777496,0.05560898408293724,-0.2811291217803955,0.1791062355041504,-1.3356835842132568,1.6408270597457886,0.45390942692756653,-0.3296249806880951,-0.5455114841461182,0.005140230059623718,0.7715856432914734,0.42101025581359863,0.94804447889328,-1.121119499206543,2.0018463134765625,-1.0570282936096191,-0.8939864635467529,-0.6082197427749634,-0.04454322159290314,0.08772014826536179,-0.11618863791227341,-0.21377773582935333,1.397698998451233,-1.3075343370437622,1.4276609420776367,1.162840723991394,0.12856309115886688,0.23146046698093414,-0.5045593976974487,-0.400596022605896,-2.592107057571411,0.6826861500740051,-0.48358190059661865,-3.0328054428100586,1.4362995624542236,-0.01710965856909752,0.05591253191232681,-0.26061561703681946,-0.7113012075424194,-0.11363688856363297,0.801287055015564,-0.4775424003601074,-0.15779070556163788,-0.1861581802368164,-0.1319705992937088,-0.5028446316719055,1.164741039276123,1.2480164766311646,-0.8436687588691711,-0.6021592617034912,-0.20323742926120758,-0.9865067601203918,0.9661825895309448,1.5945217609405518,0.5535029172897339,0.768703818321228,-0.6096951365470886,-0.39318013191223145,0.9289721846580505,1.0529645681381226,1.3417271375656128,-0.8247502446174622,0.4421474039554596,-0.2667880356311798,-0.43318629264831543,-0.5004231929779053,-1.0950477123260498,-1.3913075923919678,0.2691360116004944,0.619982898235321,1.0475246906280518,0.7421133518218994,1.1337478160858154,-0.505648672580719,0.4893167316913605,1.0597915649414062,0.36492377519607544,-0.08812332898378372,0.861078143119812,-0.41893458366394043,0.24129138886928558,-3.20456600189209,-0.9250598549842834,-0.4771314561367035,1.353998064994812,0.9690899848937988,-1.2439978122711182,1.232517957687378,-0.4049643278121948,2.046489953994751,-0.5472419261932373,-1.9238083362579346,-1.6058008670806885,-2.3293044567108154,1.3808966875076294,-0.04053973779082298,-0.12140654772520065,-1.5174864530563354,0.009263632819056511,-0.3849141597747803,-0.15028178691864014,0.7960483431816101,1.7397351264953613,-1.110556721687317,-1.8863260746002197,1.028311848640442,0.9148655533790588,0.027466559782624245,0.9877939820289612,1.1610163450241089,1.2270690202713013,-0.0874318927526474,-0.9124473929405212,0.547544538974762,0.8847748041152954,-0.1942373663187027,-1.3738828897476196
tripadvisor.csv,0.07957221567630768,0.9295037388801575,0.5627950429916382,2.8751845359802246,0.029006704688072205,-0.02348693087697029,0.6582193970680237,0.31020766496658325,0.10620009154081345,-1.2947148084640503,-0.4323098659515381,0.9440944790840149,-0.6284019947052002,0.15568293631076813,0.7382233142852783,-1.406424880027771,1.2301746606826782,1.525532841682434,-1.7893707752227783,-0.3624052405357361,-1.360041856765747,1.5437151193618774,1.3758831024169922,-0.7723109126091003,2.1464412212371826,1.7674424648284912,-0.2388346791267395,0.45379772782325745,-0.584834098815918,-0.9720710515975952,1.3808214664459229,-0.9697979688644409,1.7939308881759644,0.6016008257865906,-0.5361349582672119,-0.5753663182258606,-0.7934059500694275,0.4048701524734497,1.3232070207595825,-1.1081076860427856,0.9648857712745667,0.5767586827278137,0.7222126722335815,-2.2347252368927,-0.07572880387306213,-2.012930154800415,-0.4013659954071045,-1.1893566846847534,0.6734921336174011,0.5886104106903076,-0.8212985992431641,0.2996039092540741,0.16188934445381165,-0.3934083878993988,1.492348074913025,-0.988532304763794,0.49960562586784363,-1.1008950471878052,-0.5606583952903748,0.4979556202888489,-0.3606545329093933,0.7603317499160767,-1.8495668172836304,-0.7842105627059937,-0.23312780261039734,1.1280730962753296,-0.9119883179664612,-1.3538031578063965,1.0511224269866943,-1.5720776319503784,-0.7519343495368958,1.0461020469665527,1.099875807762146,-1.0055991411209106,1.3902106285095215,0.6073582768440247,0.6106799244880676,-0.3067353069782257,1.3886067867279053,-0.9166440963745117,0.16734330356121063,-1.7004843950271606,-0.16055108606815338,-0.10629500448703766,-0.15796896815299988,0.5582766532897949,-0.30163711309432983,-1.3332699537277222,0.3078227937221527,0.2145962119102478,0.8459086418151855,-1.175766110420227,-1.860082983970642,-0.7042871713638306,-0.31380489468574524,1.3283151388168335,0.2858808934688568,-0.2099778801202774,-1.1654915809631348,0.9894893169403076,1.1448520421981812,-0.7732701897621155,0.7766662836074829,-0.4840099811553955,-0.10191212594509125,1.0173773765563965,-1.4280645847320557,0.9321535229682922,0.0019121705554425716,0.1413152813911438,0.1933307647705078,0.25284308195114136,-0.7947347164154053,-1.6621187925338745,0.7101861834526062,-1.0335886478424072,-1.6320122480392456,-0.7569016814231873,-0.3828149735927582,-0.03770333155989647,-1.0440654754638672,-0.1525907665491104,1.6017299890518188,0.21391578018665314,0.18235808610916138,-0.06489600986242294,-1.0894522666931152,-0.05159353092312813,0.004701831843703985,0.8193662166595459,1.7479263544082642,-1.3795278072357178,-0.08312303572893143,1.15181303024292,-1.0444947481155396,0.5478746294975281,-0.8056443333625793,-0.12486536055803299,-0.08113586157560349,-0.883816659450531,0.2135203778743744,1.592880129814148,0.3644777536392212,0.6704620718955994,0.27873489260673523,-0.0780380517244339,0.5672035813331604,-0.022521881386637688,0.6593695282936096,-0.30948567390441895,-0.7288480401039124,1.0702143907546997,-0.08355400711297989,0.9404022097587585,-1.4753179550170898,2.332533121109009,-0.7547951936721802,-0.008159366436302662,-0.21795876324176788,-0.4367472231388092,-0.16125518083572388,0.21801529824733734,-2.363926649093628,0.7617089748382568,-2.9005587100982666,-0.3560155928134918,0.23636546730995178,0.5010793209075928,0.9317986965179443,-0.334646999835968,1.0475507974624634,-1.0736433267593384,0.46262291073799133,0.03656870126724243,-1.2584068775177002,-1.1528511047363281,-0.5656359791755676,1.7946369647979736,0.05354228988289833,0.012297997251152992,-0.3027399480342865,-0.12019763141870499,-1.3362008333206177,-0.2986179292201996,1.2767832279205322,0.8260718584060669,-1.5105106830596924,-1.7295478582382202,1.8379734754562378,-0.4320477843284607,0.5386549830436707,0.10583950579166412,0.8834457397460938,2.160604238510132,1.597343921661377,0.6017338037490845,0.19999340176582336,1.2146525382995605,0.43145474791526794,-0.034543655812740326
amazon-garden.csv,-0.1829918771982193,1.0981098413467407,0.4811604619026184,2.9941203594207764,-1.4412572383880615,1.2070868015289307,0.5115979909896851,0.7082024216651917,0.3391121029853821,-0.47749900817871094,-0.23475079238414764,0.6406021118164062,-0.20130042731761932,-0.5533117055892944,-0.07571403682231903,-0.37856820225715637,-0.628414511680603,-0.39677008986473083,-0.4502568542957306,-1.3784492015838623,-1.4554215669631958,0.5838021039962769,0.660878598690033,-0.22965839505195618,0.761709451675415,0.36416077613830566,-1.4356870651245117,0.04905904084444046,-0.1781211793422699,-0.5937418341636658,1.4027565717697144,-0.5985715389251709,1.5059057474136353,0.5257085561752319,0.7479501366615295,0.40694019198417664,0.0754949226975441,-0.2671162486076355,-0.14073435962200165,-1.0152431726455688,0.12023728340864182,0.9941765069961548,1.4660147428512573,-0.1351601481437683,-1.387800931930542,-2.3168907165527344,-0.13171494007110596,-0.2887194752693176,0.6937537789344788,0.6159957647323608,-0.9540926814079285,0.6835063099861145,0.14283350110054016,-0.6983814835548401,1.2732678651809692,-0.6985405683517456,-0.01140754483640194,-0.4980129897594452,0.3229866921901703,0.9001494646072388,-0.14376701414585114,-1.7492249011993408,-0.8766005635261536,-0.0874936580657959,0.021653492003679276,-0.4205476939678192,-2.109480381011963,-1.1394867897033691,0.9587182998657227,0.11638066917657852,-0.8259277939796448,2.588460922241211,0.22439388930797577,-0.46846312284469604,-0.6455159783363342,0.3200400173664093,0.6525161266326904,-1.491667628288269,0.9118272662162781,-0.5564092397689819,-0.8436505198478699,-2.387470245361328,1.0697792768478394,0.6338890790939331,0.1892714500427246,-0.25985783338546753,0.0923982560634613,-1.5326594114303589,1.1419579982757568,0.36484596133232117,0.2026444524526596,-1.008522391319275,-1.1541763544082642,0.1008286401629448,0.23930010199546814,0.0823797881603241,-1.0999786853790283,1.270570993423462,-0.20517660677433014,-1.3078664541244507,0.6188453435897827,-0.6352468132972717,0.870741069316864,-1.0944525003433228,-1.000454068183899,1.0568912029266357,-1.0285112857818604,1.445045828819275,-0.7913797497749329,0.6443228721618652,-0.07587182521820068,-0.04374462366104126,-0.6562533378601074,-2.3115007877349854,0.6230173110961914,-0.8540334105491638,-3.0572993755340576,0.6989772915840149,-0.5191076397895813,0.3023942708969116,-0.6277557015419006,0.4196122884750366,-0.11478067934513092,0.45009228587150574,-0.5411221385002136,-0.46726489067077637,-0.5819954872131348,0.3381328880786896,-0.5797113180160522,3.100811004638672,1.5013668537139893,-2.561155319213867,-0.12815849483013153,0.704964280128479,-0.3947642743587494,1.015105128288269,0.17307811975479126,0.14881519973278046,0.9062322974205017,0.28080588579177856,0.48630428314208984,1.5345337390899658,0.5619621276855469,1.384468674659729,-1.0129804611206055,0.2544824182987213,-0.24355481564998627,0.35789600014686584,-0.29553747177124023,-1.3282525539398193,-1.1662544012069702,0.5742011070251465,-0.6386343836784363,0.2516863942146301,-0.2576907277107239,0.9243589043617249,0.025814736261963844,0.2613219916820526,-0.4262440502643585,0.4489705264568329,0.5176594853401184,0.945676326751709,-0.9147615432739258,0.953665554523468,-2.364128589630127,-0.923827052116394,-0.3058145344257355,0.7947806715965271,1.7787657976150513,-0.6505560278892517,1.413749098777771,-0.3837147653102875,0.649090588092804,-1.1657582521438599,-0.8295950889587402,-0.938629686832428,-2.267164945602417,1.575136661529541,0.31137415766716003,0.5529392957687378,-1.143403172492981,-0.06906741112470627,-0.2351781576871872,0.2947121858596802,-0.38078203797340393,1.8703151941299438,-0.23894725739955902,-1.3201707601547241,1.2486060857772827,-0.43478822708129883,-0.12944328784942627,1.517297387123108,1.3855996131896973,2.1844286918640137,0.6561479568481445,0.6864509582519531,0.5172440409660339,1.2520586252212524,-0.2276919186115265,-1.3752232789993286
amazon-digital-music.csv,-0.3737781345844269,1.624997615814209,0.647716224193573,1.3464794158935547,-0.9174010157585144,0.2553241550922394,-0.15991508960723877,0.5842940211296082,-0.7475042939186096,0.26624971628189087,0.10345969349145889,0.8164979219436646,-1.384881854057312,-0.13877515494823456,0.7430025935173035,-0.20408210158348083,-0.40344664454460144,0.8849493265151978,0.19996024668216705,-0.3494330048561096,-0.6710947751998901,0.6592475771903992,1.6855868101119995,-0.28571462631225586,0.946016788482666,-0.6752097010612488,-1.7412419319152832,-0.19215917587280273,-0.6132374405860901,-1.9616389274597168,-0.7157856822013855,-0.6822075843811035,0.9486514329910278,0.3041362464427948,1.6274539232254028,0.027787158265709877,-0.18448378145694733,2.367853879928589,0.7369458079338074,0.273275226354599,0.2046256810426712,2.382617235183716,0.8530823588371277,0.31203845143318176,-1.1614469289779663,-1.8243173360824585,-0.3167164623737335,1.0931297540664673,1.4626250267028809,1.6110141277313232,-0.4570111632347107,0.4967757761478424,0.6030766367912292,-0.9684385061264038,0.4203569293022156,-0.4284375309944153,0.9099138379096985,1.6821551322937012,0.2127525806427002,-0.7725132703781128,0.21615466475486755,-0.7619554996490479,-2.975221872329712,-1.1057837009429932,0.6433588862419128,0.295341432094574,-2.627453088760376,-1.3690197467803955,0.1408034861087799,-0.466468870639801,0.1765672266483307,1.8006706237792969,1.5620231628417969,-0.36421534419059753,0.9554069638252258,0.4065524637699127,1.555830955505371,-1.0901387929916382,0.6168716549873352,0.4250184893608093,0.4652026295661926,-1.3483675718307495,-0.3525249660015106,0.7555360794067383,0.29414746165275574,0.2469184845685959,1.0398367643356323,0.19067814946174622,0.09235129505395889,0.07489015907049179,0.045400068163871765,-1.181439995765686,0.7038989067077637,-0.5656247138977051,0.792922854423523,0.9437699913978577,-0.20838810503482819,-0.07344219088554382,-1.2661402225494385,-0.7298502326011658,1.8909847736358643,-1.0832931995391846,1.3296469449996948,0.3358352780342102,0.2071208506822586,1.201596975326538,0.6979647874832153,0.14546559751033783,0.7336446642875671,-0.6166121959686279,1.9025226831436157,0.32219675183296204,-0.4808245003223419,-0.8029065132141113,0.8638406991958618,-0.7016833424568176,-2.5446176528930664,0.5379431247711182,1.5496084690093994,0.3547914922237396,-1.993981957435608,0.6740394830703735,-0.46869298815727234,0.8883606791496277,0.40807271003723145,0.321470707654953,0.5563890337944031,1.4389173984527588,-0.7352827787399292,0.8995954394340515,-0.8880947232246399,-0.1531081646680832,-0.5336511731147766,0.49096816778182983,0.10306045413017273,0.04203104227781296,-0.743955135345459,0.16820590198040009,-0.7209964394569397,0.22710910439491272,-0.3034367859363556,1.084279179573059,-0.4488053321838379,2.039313316345215,-0.2757050096988678,-0.13925975561141968,0.2807789742946625,-1.8307503461837769,-0.20346783101558685,-1.3270254135131836,-1.7915195226669312,1.760660171508789,-0.7268102765083313,0.4230530261993408,0.35739704966545105,0.4372681677341461,-1.7489547729492188,0.2773530185222626,-0.3750964105129242,-0.7424027919769287,1.0386974811553955,1.1636459827423096,-0.11490979045629501,1.3657808303833008,-1.513901948928833,-0.00794870126992464,-0.05354328826069832,0.2208447903394699,2.5254478454589844,0.05562613904476166,0.6205723285675049,-1.0221771001815796,-0.422240287065506,-1.0525299310684204,-0.026825208216905594,-1.3460808992385864,-3.073911190032959,1.2100987434387207,0.045839499682188034,-0.24057355523109436,-0.9353246688842773,0.6211012601852417,-0.32150307297706604,0.3120043873786926,1.0027226209640503,0.18409627676010132,-1.5110175609588623,-0.8437857627868652,0.6692224740982056,-0.16011689603328705,0.7251297235488892,0.13572895526885986,-0.8623533844947815,0.8450855612754822,0.31755414605140686,-1.7018266916275024,-0.46673059463500977,1.026761531829834,0.11495961993932724,1.0020312070846558
jester2.csv,0.1517333984375,2.1575610637664795,0.8401542901992798,1.7859091758728027,-1.2103931903839111,0.5363130569458008,1.3360415697097778,0.2971479594707489,0.8447632789611816,-0.24141772091388702,-0.12603817880153656,-0.9596982002258301,0.6393386125564575,1.1212499141693115,1.5982242822647095,-1.4977127313613892,-0.2830132246017456,-0.49917006492614746,0.5551686882972717,-0.19048137962818146,-2.406886339187622,0.7544136047363281,1.3206562995910645,-0.22815783321857452,-0.46168994903564453,1.455042839050293,-0.2709059715270996,0.9314912557601929,-0.30833861231803894,-1.9552503824234009,-0.08626046776771545,-0.9758085608482361,1.085606575012207,1.6684130430221558,0.818339467048645,0.0069315191358327866,-0.768444836139679,0.6566113829612732,1.6661293506622314,-0.729423999786377,-0.37394991517066956,1.141943335533142,1.8504568338394165,-0.6350986361503601,0.37320253252983093,-1.4455822706222534,-0.840064287185669,-0.47268161177635193,-0.4160504937171936,-1.1341203451156616,-1.0577152967453003,0.40340501070022583,-0.1550394594669342,0.6712040305137634,2.5609445571899414,1.1579663753509521,0.5955308079719543,1.0362814664840698,0.2507164776325226,-0.7585902810096741,-0.06240548938512802,-0.4419044256210327,-0.8335415124893188,-0.7866616249084473,-0.4161549508571625,0.7508969902992249,-1.2529441118240356,-1.1322635412216187,1.6304566860198975,0.06976529210805893,-0.6874029040336609,1.9333938360214233,-0.06440263986587524,-0.36151739954948425,-0.5396217703819275,-0.7259025573730469,0.14783187210559845,0.0638459175825119,0.40385088324546814,-0.9077379107475281,0.03803086653351784,-0.5728874802589417,0.933150053024292,-0.2827657163143158,-0.471755713224411,0.8305624723434448,0.6315557956695557,-1.4751887321472168,0.6063013076782227,-0.10033411532640457,0.9996902942657471,-0.880869448184967,0.47243696451187134,-1.3400200605392456,0.30350062251091003,0.3981393575668335,-0.4465503394603729,1.1545699834823608,0.06348546594381332,-0.4457920789718628,0.06915163993835449,0.7079164981842041,1.1827046871185303,-1.1595921516418457,1.3823933601379395,0.5732429623603821,-1.2182084321975708,0.918208658695221,0.02039281837642193,-0.7579363584518433,1.527889370918274,-1.7272394895553589,0.7890081405639648,0.2940599024295807,2.46891450881958,-0.8145729303359985,-2.007366418838501,-0.20516827702522278,1.0405505895614624,-1.0151119232177734,-0.34467917680740356,0.03848607838153839,0.12163487821817398,0.5468674302101135,0.5274233818054199,-0.03744720295071602,-2.0354201793670654,-0.7756415605545044,-0.2507992386817932,0.43426111340522766,0.9747815132141113,-0.19451582431793213,1.0598009824752808,0.21635723114013672,-1.094839334487915,0.7203362584114075,-0.9252079725265503,-0.8298154473304749,-0.6288997530937195,0.4845896363258362,0.5233295559883118,0.1744450479745865,1.018709659576416,2.0245373249053955,-1.115067958831787,-0.3597063422203064,0.8539428114891052,-0.2551112771034241,-0.1563093066215515,-0.1351586878299713,-2.160691976547241,0.21181029081344604,0.12605100870132446,1.008566975593567,0.48747915029525757,0.0281910989433527,-0.36654484272003174,1.4260302782058716,-0.5847575068473816,0.591404378414154,0.6769649982452393,1.9941643476486206,-1.036750078201294,0.1518181711435318,-2.2036640644073486,0.9664563536643982,-0.5040507912635803,-0.26378634572029114,1.9764143228530884,0.16777083277702332,2.480626344680786,0.014897775836288929,0.6677981615066528,-0.25538766384124756,-0.07735376805067062,-1.9172779321670532,-0.6517162919044495,1.4708884954452515,1.7725461721420288,1.0858045816421509,0.004793749190866947,1.5546101331710815,0.21747854351997375,0.41953232884407043,1.269204020500183,1.0064687728881836,-0.21767106652259827,-1.1674050092697144,1.598484754562378,0.581943690776825,-0.3877405524253845,0.00286272494122386,0.4898892045021057,1.1742334365844727,1.2446269989013672,-0.47903427481651306,1.7311831712722778,1.4694030284881592,0.30855390429496765,0.621405839920044
amazon-movies.csv,-1.1706523895263672,1.5385445356369019,0.5592067241668701,2.770319700241089,-0.5736466646194458,1.3614327907562256,0.5433251857757568,-0.37726297974586487,-0.035139985382556915,-0.8543837666511536,-0.9732002019882202,0.23917298018932343,0.3107772171497345,0.5809295177459717,0.6181918382644653,-0.6160939335823059,0.31598514318466187,0.07358428090810776,0.3021734058856964,-0.7425642609596252,-1.4810423851013184,0.6308297514915466,-0.03319688141345978,0.3831121027469635,-0.45096778869628906,0.671665370464325,-0.7701312899589539,-0.30358320474624634,-0.6746543049812317,-1.3355940580368042,0.40241631865501404,-1.1228607892990112,1.8681632280349731,0.6128630638122559,0.32220715284347534,-0.851331353187561,-1.06746244430542,0.5822632312774658,0.7924267649650574,-1.530361294746399,0.2221371829509735,1.337921380996704,0.2515754997730255,0.02537890523672104,0.8226428627967834,-0.3187295198440552,-1.4154984951019287,-0.6444087028503418,0.7505185604095459,-0.6116576790809631,-0.45107343792915344,0.3032209575176239,-0.5762956142425537,-0.7881920337677002,0.584712564945221,-1.086421012878418,2.050863265991211,1.6503299474716187,-0.4732058644294739,0.024093076586723328,0.5093618631362915,-0.57957923412323,-2.059865951538086,0.8221458196640015,0.7310957312583923,-0.6015166640281677,-1.5114825963974,-1.1123509407043457,1.5301581621170044,0.03266042470932007,-0.34567686915397644,1.5928956270217896,-0.47242191433906555,-1.6234550476074219,-0.13584457337856293,-0.13335740566253662,1.1850172281265259,-0.34005796909332275,0.8213838338851929,-0.8524506688117981,-1.8254050016403198,-1.074155569076538,0.4845634400844574,0.7162123322486877,-1.2360234260559082,0.07097528874874115,-0.42841610312461853,-0.16359253227710724,0.938883364200592,-1.2406015396118164,0.5014231204986572,-1.4937734603881836,-1.725611925125122,1.4952056407928467,1.0273752212524414,0.7413744926452637,-1.6454412937164307,-0.09303467720746994,-0.7944918870925903,0.2828114330768585,0.8224809169769287,-1.9459861516952515,0.7536353468894958,-0.24754570424556732,0.4548516273498535,-0.46618393063545227,-0.395339697599411,2.3622653484344482,1.1723405122756958,0.1922060251235962,0.06923858076334,1.1394063234329224,-0.5390917062759399,-1.6378791332244873,-0.16145506501197815,0.041931550949811935,-1.703065037727356,1.870952844619751,0.022359319031238556,0.33671995997428894,-0.827672004699707,-1.2894119024276733,-0.36627015471458435,0.27170559763908386,-0.9558774828910828,-0.6148091554641724,-0.04265294969081879,1.012488603591919,0.00952839758247137,1.4764838218688965,-0.14149706065654755,-1.7036818265914917,0.7508894801139832,0.7596972584724426,0.09390396624803543,1.706673264503479,-1.875990390777588,-0.00021258967171888798,-1.0281689167022705,1.399419903755188,1.168527603149414,1.252091407775879,0.7099831104278564,1.9039403200149536,0.2688954472541809,0.5182952880859375,-0.1986932009458542,-0.013200042769312859,-0.11791640520095825,-0.7683930993080139,-0.7256313562393188,1.1243213415145874,1.378829002380371,0.6137312054634094,0.006540268659591675,1.1180899143218994,1.2495076656341553,1.1042747497558594,-0.20674236118793488,0.216353639960289,0.6427966356277466,1.6396596431732178,-0.7020254135131836,1.6339725255966187,-1.4562536478042603,0.7313196063041687,-0.5383141040802002,-0.10208351165056229,0.6105096340179443,-0.5950785279273987,2.5354342460632324,0.34430909156799316,0.965347945690155,-0.7713311314582825,-2.0288634300231934,-2.072756767272949,-0.17389030754566193,2.400230646133423,0.8304679989814758,0.26254788041114807,0.3688012659549713,-0.8896145224571228,-0.1275099664926529,0.5131305456161499,-0.13652116060256958,1.522117018699646,-1.0664150714874268,-1.2728389501571655,1.2880666255950928,0.11753314733505249,0.7857280969619751,0.7255443334579468,1.2121679782867432,0.5770720839500427,-0.1922161877155304,0.21896439790725708,-0.7199846506118774,0.8089988231658936,-0.3286590874195099,-0.8325451612472534
amazon-pet-supplies.csv,-0.33229127526283264,-0.1522947996854782,-0.37804916501045227,1.6946816444396973,-0.5383594632148743,0.934014081954956,1.3734917640686035,-0.357283353805542,1.0910502672195435,0.0141536770388484,-0.782189667224884,0.6259862184524536,0.4094594120979309,-0.17576298117637634,-0.24580277502536774,-0.4038739502429962,0.15153327584266663,0.397487074136734,-1.5810059309005737,-0.38507798314094543,-2.050489664077759,0.4912579357624054,1.8626645803451538,-1.339055061340332,0.3089321255683899,0.873674213886261,-1.4908934831619263,0.5265653729438782,-0.5445147752761841,-1.2629560232162476,1.1860551834106445,-0.21532516181468964,0.9231282472610474,0.0852959156036377,0.9725457429885864,-0.3107680082321167,-1.2655080556869507,-0.09601850807666779,-0.15020336210727692,-1.3526791334152222,0.07435256987810135,1.4952703714370728,-0.30352264642715454,0.7731752991676331,0.01251915656030178,-1.2584373950958252,-0.4475465416908264,-0.2557277977466583,0.3938286006450653,-0.37420493364334106,0.14085827767848969,0.5671262741088867,0.26126185059547424,0.4011160433292389,1.9334356784820557,0.6536771655082703,1.7209213972091675,0.6691288948059082,1.3390922546386719,-0.8454582691192627,0.3095970153808594,-1.0967110395431519,-2.185288429260254,-1.0622631311416626,0.03943502530455589,-0.4215429723262787,-1.3833098411560059,-1.8903369903564453,0.5989149808883667,0.005899833049625158,-0.7068944573402405,0.9807385802268982,-0.20763255655765533,-1.2023611068725586,0.21295751631259918,0.7894545793533325,-0.03520077466964722,-0.8077120184898376,1.3762221336364746,-1.299827218055725,-0.4264173209667206,-2.0817933082580566,-0.9981245398521423,0.25699371099472046,0.019910428673028946,0.39691904187202454,0.3813948929309845,-1.5933620929718018,2.04079532623291,0.07671482115983963,-0.7883865237236023,-0.9340324401855469,-0.07507793605327606,0.3137017488479614,0.32072919607162476,-1.1366968154907227,-0.1997871994972229,2.5836598873138428,0.18246567249298096,-1.7242058515548706,-0.8010050654411316,-0.8324064612388611,1.6725592613220215,0.49909961223602295,-0.6022224426269531,1.1509699821472168,-0.4109506905078888,1.018929362297058,0.8196606040000916,0.13145586848258972,0.46066293120384216,-0.7480266690254211,0.06488500535488129,-1.9156452417373657,0.3601802885532379,-1.2499531507492065,-2.6938376426696777,1.0278608798980713,-0.24961747229099274,0.7780249118804932,-0.12367820739746094,-0.45396873354911804,-0.022272637113928795,0.583350419998169,-0.5658057332038879,-0.3731400668621063,-0.6110594868659973,0.3014591336250305,-0.060466568917036057,1.1411117315292358,0.8478114604949951,0.20332446694374084,-1.2162096500396729,-0.10969557613134384,-1.6884839534759521,1.241658091545105,0.94647616147995,0.34483620524406433,0.9157043695449829,-0.27897611260414124,-0.7490960359573364,0.3080851137638092,0.5469927191734314,1.7245949506759644,0.23948891460895538,-0.025326773524284363,-0.7020056843757629,-0.3542657196521759,-0.8666188716888428,-1.991425633430481,-2.0648128986358643,0.017881058156490326,0.26819688081741333,0.9057812690734863,0.6165468096733093,0.5646655559539795,-0.07692158222198486,0.04986344277858734,0.6451875567436218,1.0441350936889648,-0.19362476468086243,1.6332515478134155,-0.2668789029121399,0.31864696741104126,-3.5765295028686523,-0.4383600652217865,-0.3989892303943634,0.29613202810287476,1.450563669204712,-0.48726946115493774,1.5945013761520386,0.3985712230205536,2.0260112285614014,-1.5805872678756714,-1.7002503871917725,-1.5163187980651855,-1.252925992012024,0.6930637359619141,-0.7854867577552795,0.15908783674240112,-1.7276498079299927,-0.1410708725452423,-0.8207504749298096,-0.1204034835100174,0.20692943036556244,1.4313322305679321,-0.6817878484725952,-1.457442283630371,1.0118921995162964,0.7117103934288025,-0.2085881531238556,0.4970449209213257,1.1315784454345703,0.26822763681411743,-0.5945610404014587,-0.4469711482524872,-1.4328227043151855,0.7146832942962646,-0.6400492191314697,-1.5755248069763184
amazon-instant-video.csv,-0.6598826050758362,-0.08020572364330292,-0.8232162594795227,0.611083447933197,-0.5304552316665649,0.1981426626443863,-0.5211116671562195,1.706467628479004,-0.31368276476860046,0.1415902078151703,-1.4985663890838623,1.4894298315048218,-0.10480032116174698,-0.10018991678953171,0.08814457803964615,-1.2922708988189697,0.08400079607963562,0.48372507095336914,0.11195077002048492,-1.808330774307251,-1.2092278003692627,0.840606689453125,1.2474758625030518,-0.3867320120334625,-0.2431686967611313,1.5984430313110352,0.23283231258392334,1.655219554901123,-0.09883324801921844,-1.0729472637176514,1.4208331108093262,0.5455812811851501,-0.24416007101535797,1.7616814374923706,0.04226602986454964,-0.5778895020484924,-0.13886234164237976,-0.025376856327056885,2.0964431762695312,-1.2170741558074951,0.2957703173160553,0.1587880402803421,0.30980268120765686,-0.7837940454483032,1.000744104385376,-1.3196090459823608,-0.5911190509796143,-1.597925066947937,-0.2986461818218231,0.6542937755584717,1.479425311088562,0.78559410572052,-1.2295548915863037,0.0007665915763936937,0.9522250890731812,-0.2173881083726883,1.7353407144546509,0.35390207171440125,-0.08320160955190659,0.5112728476524353,0.3898555040359497,-0.2866463363170624,-1.8974686861038208,-1.5258257389068604,-1.559821367263794,-0.3344685137271881,-1.8125708103179932,-1.9220030307769775,-0.3678060472011566,0.520060122013092,-0.6999129056930542,1.3073430061340332,0.5363420248031616,-0.2989770174026489,-0.5029137134552002,0.22995974123477936,1.487847089767456,-1.2462623119354248,1.0024563074111938,0.08074915409088135,0.03462584689259529,-1.6586414575576782,0.3003411591053009,0.262053519487381,0.659616231918335,-0.14391925930976868,-0.13411475718021393,-1.2446271181106567,0.9804779887199402,-0.3096581697463989,-0.41561222076416016,-0.7728840708732605,-0.4532879889011383,-1.3436384201049805,1.7615323066711426,1.0005921125411987,-0.9923795461654663,-0.4568420648574829,0.536266565322876,0.12358906120061874,0.7130340933799744,-0.10804031789302826,2.6452977657318115,-0.7040508389472961,0.8700758814811707,0.26684433221817017,-0.9006950855255127,1.5550377368927002,0.6837000250816345,0.11724329739809036,0.9951059222221375,0.009959113784134388,0.3021324574947357,-1.058111548423767,1.6089133024215698,-0.4478098154067993,-2.0342185497283936,-0.03914282098412514,-1.1367261409759521,0.2979479134082794,-0.9682810306549072,-0.9675080180168152,0.567582368850708,0.8657834529876709,-0.5542371273040771,1.36922025680542,-0.6801548004150391,0.10615811496973038,-0.6990954279899597,2.1050140857696533,0.8214454054832458,-1.1653268337249756,0.6136964559555054,0.44146889448165894,0.5519498586654663,0.969992458820343,0.565551221370697,0.21317455172538757,0.8598502278327942,-0.4556331932544708,-0.10991955548524857,1.131595492362976,0.9582056999206543,2.449009656906128,0.6672370433807373,0.07079174369573593,-1.2653216123580933,-0.9385977983474731,-0.650427520275116,-0.03162612020969391,-2.0130527019500732,-0.18286575376987457,0.4812967777252197,0.07015878707170486,-0.39671382308006287,1.6842130422592163,-0.9374161958694458,0.3564484417438507,-0.3087293803691864,0.882792055606842,1.3589484691619873,2.4842631816864014,-1.134993314743042,0.07544102519750595,-3.3811419010162354,-0.6401983499526978,-0.7503325343132019,-1.5960372686386108,1.1250720024108887,0.4697023630142212,1.420114517211914,-0.8283470869064331,0.451619416475296,-0.49739664793014526,0.4334377944469452,-1.1284377574920654,-0.17605182528495789,0.9204708933830261,-0.6888862252235413,1.4116395711898804,-0.5341456532478333,2.2339963912963867,-0.3465113639831543,0.5122134685516357,-0.8304011821746826,0.8412740230560303,-0.9341831207275391,-0.7011446952819824,0.041625574231147766,0.36432215571403503,0.25079411268234253,0.3216341733932495,0.8902163505554199,0.8059616088867188,0.9563186168670654,0.539162814617157,-0.021633107215166092,1.5664149522781372,-1.3906505107879639,-0.5276941657066345
amazon-cd.csv,-0.5703389048576355,0.970551609992981,-0.12877222895622253,1.0286929607391357,-0.13504108786582947,1.1385847330093384,0.6985713839530945,-1.0619184970855713,0.8375516533851624,-1.1338958740234375,-0.5481719970703125,0.4194623827934265,-1.051167368888855,-0.5343542098999023,0.4470837712287903,-1.8133220672607422,0.7887429594993591,-0.22353331744670868,-0.6222630739212036,-0.8141244649887085,-1.7891459465026855,0.5580469369888306,1.2052606344223022,-0.1384652704000473,0.32909271121025085,0.5250086784362793,1.3082069158554077,1.9961352348327637,-0.2715207636356354,-1.3925046920776367,1.1204921007156372,-0.1215556338429451,1.2142688035964966,-0.27737459540367126,0.8933249711990356,-0.5094487071037292,0.5853101015090942,0.7990603446960449,1.234772801399231,-1.7336416244506836,-0.3809887766838074,1.0357372760772705,-0.2566569149494171,-0.5912578105926514,-0.16053014993667603,-0.9907131791114807,-0.6067991256713867,-0.3706921935081482,0.3212699592113495,0.4443598985671997,-0.573229968547821,-0.3357677459716797,1.274932622909546,-0.8203155398368835,1.9175220727920532,0.41010090708732605,1.2416160106658936,-1.0712066888809204,0.3781788945198059,0.4703608751296997,0.2956615388393402,-0.5035368800163269,-1.0533922910690308,0.20153851807117462,-0.4232957065105438,0.6476088762283325,-2.165393829345703,-2.682034492492676,-0.25131070613861084,0.7936010956764221,0.01163780689239502,1.8522937297821045,-0.7400204539299011,-0.22395285964012146,0.06515109539031982,1.1877983808517456,1.3798428773880005,-1.9413907527923584,-0.48601773381233215,-0.6053102612495422,0.7150636315345764,-0.4394969046115875,0.16850529611110687,1.1293476819992065,0.29974356293678284,0.07394213229417801,-0.22693994641304016,-0.9543114900588989,1.6350926160812378,0.148445263504982,0.21770620346069336,0.10695965588092804,0.38366812467575073,-1.027790904045105,1.7551238536834717,-0.08477377146482468,0.07913261651992798,0.1477213054895401,0.19297054409980774,-1.146957278251648,-1.0289558172225952,-0.5791714787483215,0.7552428841590881,-0.2426452934741974,0.43097740411758423,1.2212992906570435,0.033870879560709,1.4922442436218262,1.3848713636398315,-0.29147812724113464,0.3933751583099365,-0.3332812488079071,0.7969229817390442,-0.004742793273180723,1.9373546838760376,-1.2451581954956055,-2.4121668338775635,-0.605246901512146,-0.927562415599823,0.6771517992019653,-1.9585931301116943,1.187142252922058,0.49346107244491577,-0.4208054840564728,-1.5633091926574707,0.41192707419395447,-0.34785154461860657,0.25349393486976624,0.15050524473190308,2.193678140640259,-0.43311938643455505,-0.41940563917160034,0.005528740584850311,1.4404889345169067,-0.9223456978797913,1.3989288806915283,-0.5524343848228455,0.21134845912456512,1.1044176816940308,2.170828104019165,0.37071794271469116,0.7980590462684631,1.3750784397125244,1.7209482192993164,0.7696462869644165,-0.8235767483711243,0.6480897665023804,0.3184346854686737,0.0035235604736953974,-0.8958883285522461,-0.49631553888320923,0.7321301698684692,0.7999449968338013,1.5612249374389648,-0.12010457366704941,0.5203936100006104,-0.39506232738494873,1.2802425622940063,0.23932933807373047,0.3010408282279968,1.3651872873306274,-0.4775291979312897,-0.34964022040367126,1.6042381525039673,-2.6299350261688232,-1.876884937286377,0.3083721399307251,0.46989503502845764,1.3437577486038208,0.07797596603631973,1.6084444522857666,0.5720782279968262,0.5139523148536682,-0.49751654267311096,-0.9139111042022705,-0.46061134338378906,-2.532726526260376,1.029345154762268,-0.1608603149652481,0.3887287676334381,-0.5210539102554321,-0.10751047730445862,-0.8309771418571472,0.2746559977531433,2.4130845069885254,0.48885586857795715,-1.9173898696899414,-0.9242361187934875,0.963557243347168,-0.5193320512771606,0.3005446493625641,0.47486597299575806,1.4596683979034424,-0.02508748508989811,1.0704286098480225,0.9273505806922913,-0.010839074850082397,0.8247833847999573,-0.4337366223335266,1.9535179138183594
movielens100k.csv,0.23245590925216675,1.1900477409362793,0.5013512372970581,0.9744672775268555,0.5820909142494202,0.2850608229637146,0.590578019618988,-0.6695311665534973,-0.06679418683052063,-1.3157362937927246,0.20217715203762054,0.8462069630622864,-0.1220877543091774,0.9218506217002869,1.2681183815002441,-2.6282362937927246,-0.5742273926734924,-0.32385119795799255,-0.09096989035606384,-0.5737836956977844,-1.815422773361206,0.1425822675228119,1.0577263832092285,-0.09111934155225754,0.3069780766963959,2.012284517288208,0.31282007694244385,-0.6881893277168274,-1.3177995681762695,-1.4320383071899414,1.150835394859314,0.4198824465274811,1.3451133966445923,0.5150619745254517,0.730310320854187,-0.5264955163002014,-1.4593712091445923,0.3454689085483551,0.1133701428771019,-2.2834103107452393,-0.5108726024627686,2.112614631652832,0.5556345582008362,-0.6179307103157043,-1.908333659172058,-2.143523693084717,-1.2536362409591675,0.26047614216804504,1.1156866550445557,0.09540436416864395,0.3146798014640808,-0.6957487463951111,-0.43374064564704895,1.482452154159546,0.7497497797012329,0.8880205154418945,0.49385565519332886,0.13443095982074738,-0.3132729232311249,-0.14815546572208405,-0.7994131445884705,-1.0550236701965332,-0.9552435278892517,-1.0157109498977661,-0.3071182668209076,0.5908315777778625,-1.3186967372894287,-1.76726496219635,0.3656511604785919,0.39224183559417725,1.0087300539016724,-0.04653121158480644,-0.008243170566856861,-1.3592824935913086,-0.06046772003173828,1.081467628479004,0.41080039739608765,0.2705741226673126,2.2659881114959717,0.5531017184257507,-0.9973958134651184,-0.3485903739929199,-0.6687436699867249,0.9752375483512878,-0.5819327235221863,-0.5662731528282166,0.7862873673439026,-0.5979588031768799,1.5406917333602905,1.3146167993545532,1.5810993909835815,-1.307491421699524,-0.38782206177711487,0.9039915800094604,1.263620376586914,-0.8057873249053955,-0.5784139633178711,-0.02479025535285473,0.46972396969795227,-0.9831696152687073,0.9125856161117554,0.14018629491329193,-0.2030264139175415,0.1583009511232376,-0.8705657124519348,0.13097119331359863,0.9922245740890503,0.6465253233909607,1.1484116315841675,0.11785858124494553,1.2778584957122803,-0.21088165044784546,-0.18789008259773254,-0.193902850151062,0.24440431594848633,-0.4145396947860718,-2.1523313522338867,-0.2454368621110916,0.15118901431560516,0.41127288341522217,-2.6477854251861572,-1.3502479791641235,-0.21936866641044617,0.8846758008003235,-0.24153275787830353,2.7434732913970947,-2.3519561290740967,-0.9291227459907532,-1.0151045322418213,0.7714153528213501,-0.3294804096221924,-0.6666609644889832,-0.6372733116149902,0.4604724943637848,-0.5918287038803101,2.018068552017212,0.14208704233169556,-0.38779741525650024,-0.11514255404472351,-0.47672417759895325,-0.41618168354034424,2.2469615936279297,0.1675930768251419,1.3739702701568604,0.48247650265693665,0.09856051951646805,-1.4426777362823486,0.6322497129440308,0.06796666234731674,-0.276958703994751,-0.25008589029312134,0.11236529052257538,-0.327682763338089,1.3934931755065918,0.5547928810119629,0.4132530689239502,-0.8794299960136414,-0.10011184215545654,-1.3280611038208008,1.615983009338379,-0.3476775586605072,2.379370927810669,-1.1955515146255493,1.2506046295166016,-1.6239029169082642,-0.6148343086242676,0.49110183119773865,-0.1636008322238922,1.3300243616104126,-1.3618594408035278,1.343653917312622,-0.45803916454315186,-0.7159827947616577,-1.0779340267181396,-1.0890170335769653,-0.5398898720741272,-0.42636480927467346,1.9509267807006836,0.18807338178157806,0.6790700554847717,-0.6343368291854858,0.2985568046569824,1.0793566703796387,0.7329518795013428,0.18375331163406372,1.5686414241790771,-0.4736267924308777,-0.17474763095378876,0.7484578490257263,-0.46438294649124146,-0.5743910074234009,-0.23474670946598053,1.5958356857299805,-0.5318949222564697,0.1255461871623993,-0.8637663722038269,1.4591364860534668,-1.5692366361618042,1.1252954006195068,-0.2021448165178299
movielens20m.csv,0.47415629029273987,0.6092675924301147,-0.4857253432273865,1.0465142726898193,-0.320127010345459,-0.03934160992503166,-0.7074303030967712,0.7097498178482056,0.6876513361930847,0.28577467799186707,-0.329296737909317,-0.852249264717102,1.25246262550354,-0.77147376537323,-0.2549196481704712,0.332061767578125,0.48614445328712463,-0.3339879810810089,-1.2924143075942993,0.026543881744146347,-0.8341916799545288,0.6875662207603455,1.430932879447937,-1.2101789712905884,1.470693826675415,0.918515682220459,1.7294862270355225,-0.9973476529121399,-0.25435104966163635,-1.0322121381759644,2.3798232078552246,-1.2598588466644287,2.031587839126587,1.6459693908691406,0.18995338678359985,0.4337397515773773,-0.9976555705070496,0.503758430480957,1.411169409751892,-1.7667092084884644,0.9639107584953308,0.4831406772136688,1.36997652053833,-0.7047863602638245,0.3496890962123871,-2.0585734844207764,-1.4741649627685547,0.12842223048210144,0.8393809199333191,0.7748781442642212,0.12084159255027771,0.005102873779833317,-0.1488437056541443,0.2670912742614746,0.3178795278072357,-1.7135647535324097,0.3928672969341278,1.0030463933944702,0.7308279871940613,1.6567715406417847,0.8319048285484314,-1.003941297531128,-1.5231317281723022,-1.348192572593689,1.1001498699188232,-0.21925479173660278,-1.3341567516326904,-0.5966125726699829,0.3899434804916382,-1.4912809133529663,0.06610598415136337,0.8076263070106506,-1.4458202123641968,-1.0735455751419067,0.1920386403799057,0.5007008910179138,-0.2791273295879364,-0.6329628825187683,0.3754473924636841,-0.15972350537776947,0.13276508450508118,-1.074789047241211,1.1171026229858398,-0.6711238622665405,-0.4158248007297516,-0.5454413294792175,1.4972270727157593,0.9067062139511108,0.929193913936615,0.8692598342895508,0.1994909793138504,-0.4675709903240204,0.953417181968689,0.048099372535943985,1.84880530834198,1.6447749137878418,-1.2602472305297852,-1.1233409643173218,-0.12310812622308731,-0.9829883575439453,0.41634562611579895,-2.6248650550842285,-0.05742352455854416,-0.8633947372436523,-0.07829906046390533,0.12981274724006653,-0.8471725583076477,0.34443381428718567,1.3414555788040161,-1.1664224863052368,0.5541229844093323,0.3906673491001129,-0.28499704599380493,-0.23952145874500275,1.9780548810958862,-0.8299291729927063,-2.3764772415161133,-1.7505228519439697,0.729585587978363,0.6764569878578186,0.2593916356563568,-0.892937183380127,-0.33458149433135986,0.5984711050987244,0.40910953283309937,0.46388545632362366,-1.776612639427185,0.43583032488822937,-0.28620675206184387,0.16091148555278778,-0.21655957400798798,-1.2320194244384766,-0.22291772067546844,1.3888602256774902,-0.4720972180366516,2.3031673431396484,1.3765159845352173,0.12036871165037155,1.2364169359207153,0.6747927069664001,0.48081132769584656,1.0346981287002563,1.289427399635315,2.693387269973755,0.6169072389602661,0.9144662618637085,-0.31944936513900757,-0.5454210638999939,-0.6652951836585999,-0.2294558584690094,-0.9426321983337402,1.1448214054107666,1.702418565750122,0.017941903322935104,0.43629494309425354,0.41730058193206787,-1.2001029253005981,0.7672797441482544,0.7111164927482605,0.3344053626060486,-0.3624130189418793,0.7328462600708008,-0.7330217361450195,1.0033007860183716,-0.7977437376976013,-0.2594209909439087,-0.7589893341064453,0.41525930166244507,1.5626507997512817,-0.6294465065002441,1.877726674079895,-0.25388601422309875,-0.27236416935920715,-1.562943696975708,-0.4440007209777832,-1.738427758216858,-1.605887770652771,0.2803712785243988,0.9187163710594177,1.389028787612915,0.321251779794693,0.1918255090713501,-1.3414720296859741,0.856268048286438,1.6794474124908447,1.2012039422988892,-0.8209050893783569,-1.065010905265808,0.8373020887374878,-0.16760531067848206,-0.1312156319618225,-0.07022930681705475,0.8959786295890808,1.427715539932251,-0.187303826212883,-0.8575454354286194,0.9152137637138367,0.47739166021347046,0.506690502166748,-1.4760791063308716
flixter.csv,0.8640729784965515,0.40110155940055847,0.07416222244501114,0.6668837070465088,-1.6457409858703613,0.027400821447372437,0.4730273485183716,-0.16472233831882477,0.7673842310905457,-0.3771953582763672,0.5083423256874084,-1.4931941032409668,-0.15323136746883392,0.19295445084571838,0.5262041687965393,-0.21965816617012024,-0.6112830638885498,1.1352839469909668,-0.8537808656692505,-1.1730726957321167,-1.5326379537582397,0.47951191663742065,1.2307006120681763,0.11654381453990936,0.9972401857376099,-0.028045888990163803,-1.4350216388702393,-0.6591522097587585,-1.4795981645584106,-1.6909555196762085,0.6865786910057068,-0.2228194624185562,1.0693833827972412,1.0745880603790283,0.2983856499195099,-0.3630889654159546,-0.06769537180662155,1.6595218181610107,0.12102953344583511,-1.8528950214385986,-0.5035827159881592,1.2242995500564575,0.2931857705116272,-1.2042877674102783,-0.6449219584465027,-2.304948091506958,0.6758968234062195,0.21031057834625244,0.39477452635765076,0.3264671564102173,-1.0009506940841675,2.011193037033081,0.5739799737930298,-1.2683119773864746,-0.7934260368347168,-0.5982825756072998,0.9478217959403992,-1.4416213035583496,-0.6563175320625305,0.6897849440574646,-1.540508508682251,-1.1606645584106445,-2.105010986328125,1.2621209621429443,-0.8163621425628662,0.7202665209770203,-1.016053318977356,-0.14273366332054138,1.040480136871338,0.37192627787590027,-1.9847521781921387,0.9257100820541382,0.36198893189430237,-0.8831820487976074,-0.4109169840812683,-0.35193607211112976,0.30445313453674316,0.005761770997196436,1.2234549522399902,-0.8175975680351257,-0.3018931448459625,-1.7036216259002686,0.9861935377120972,1.061107873916626,-0.23485995829105377,-0.8181990385055542,0.6866297721862793,-1.0127389430999756,0.6930269598960876,-0.0402831956744194,0.45938193798065186,-0.13882039487361908,-0.2673030197620392,-0.2647434175014496,0.1406371295452118,0.5354195833206177,-1.6676636934280396,0.02923365868628025,0.3192986845970154,-0.8734840154647827,1.1681175231933594,-0.7034589052200317,0.10125654935836792,-0.7943064570426941,0.43738269805908203,0.9797869920730591,-0.21446731686592102,0.3215726315975189,1.3002567291259766,-0.09416071325540543,1.0429821014404297,0.43613144755363464,0.7310028672218323,-1.5142735242843628,0.5555161833763123,-0.14188529551029205,-1.5202977657318115,-0.12454923242330551,0.586685061454773,-0.9483194947242737,-0.775259256362915,0.8381075859069824,-0.7665616273880005,-0.1660984605550766,-1.5570570230484009,-0.5677033066749573,-1.6269199848175049,0.34617045521736145,0.09852401912212372,1.487151026725769,0.8181408047676086,-0.3502936065196991,0.7089582681655884,-2.104184150695801,-0.6400366425514221,0.445722758769989,0.3450036942958832,1.4762905836105347,-0.5477985143661499,0.872124969959259,1.0684914588928223,0.5438211560249329,-0.2460814118385315,1.6649154424667358,0.176888108253479,0.6676158905029297,-0.0829722061753273,0.7986955046653748,-0.46509161591529846,-0.3663240969181061,-0.7031710743904114,-0.5095126628875732,0.7100273966789246,-0.674010694026947,-1.3062291145324707,1.345365285873413,0.1865910440683365,0.13001874089241028,0.14252126216888428,0.9437783360481262,-0.11766770482063293,2.2723984718322754,-1.6268547773361206,0.9637076258659363,-2.043260335922241,0.14514704048633575,-0.523051917552948,0.7480933666229248,1.6611032485961914,-1.7268376350402832,1.435060739517212,-0.023413583636283875,0.7345662713050842,-0.0821155533194542,-1.945263147354126,-1.3292920589447021,-2.991166353225708,1.6326998472213745,0.29909777641296387,-0.4674028754234314,-1.1458730697631836,-0.9215402007102966,-0.31153368949890137,1.158919095993042,1.62312650680542,0.29808011651039124,-1.3738287687301636,-0.2420848160982132,2.46938157081604,-0.7609023451805115,0.7194676995277405,-1.3481801748275757,1.8388854265213013,0.9344527721405029,1.2427089214324951,0.6739041209220886,1.1575528383255005,0.22957132756710052,-0.49888843297958374,-1.279658317565918
amazon-home.csv,-0.4964348077774048,1.405316710472107,-0.3325936496257782,2.553256034851074,-1.3220086097717285,0.5650355815887451,-0.08306919783353806,0.2993549108505249,-0.178600013256073,-0.924094557762146,0.3454303443431854,0.45059195160865784,-1.3789973258972168,0.43272942304611206,1.8959076404571533,-0.19100911915302277,0.025279000401496887,0.6978480815887451,-1.3280839920043945,-2.091738700866699,-2.160724401473999,0.7509844303131104,1.5820014476776123,-0.8041253089904785,0.6659698486328125,1.0675982236862183,0.16106323897838593,-1.0112435817718506,-0.6352810263633728,-1.773522973060608,0.21117976307868958,-0.5820819139480591,1.6040163040161133,0.657065749168396,-0.005112131126224995,-0.6112390160560608,-0.20630942285060883,1.688186526298523,1.9511648416519165,-0.942654550075531,0.38891249895095825,1.254571795463562,0.4874618947505951,-0.41499558091163635,-0.08598548173904419,-0.45039814710617065,0.76947021484375,-0.04090911149978638,-0.4725720286369324,-0.0455915704369545,-0.35932448506355286,0.9081534147262573,0.9669666290283203,-0.9623212814331055,-0.03376973047852516,-0.6561262011528015,0.7062397003173828,2.1210269927978516,-0.15625682473182678,0.804445743560791,-0.09287343919277191,-0.5309639573097229,-0.6778770089149475,-0.6420688629150391,-0.9218428730964661,-0.6985167264938354,-1.871302843093872,-1.4813381433486938,1.023927092552185,0.24189221858978271,-0.4975477457046509,1.536362886428833,1.0873990058898926,-0.7592347860336304,-0.47817468643188477,-0.18424905836582184,0.9607618451118469,-0.18186815083026886,1.1973007917404175,-1.050360918045044,-0.9520522356033325,-2.3208024501800537,-0.7524668574333191,-1.0681583881378174,-1.0511831045150757,-0.4386312961578369,-1.2385475635528564,-0.7676131129264832,0.5157033205032349,0.735608696937561,0.9618908762931824,-0.3789525032043457,-0.3784518539905548,1.33352530002594,1.1110106706619263,-0.32947126030921936,-0.18037761747837067,-0.07176055014133453,-0.3409494459629059,1.1528109312057495,1.783362865447998,-1.0165784358978271,0.16655169427394867,-0.445377916097641,0.5082826018333435,-1.1774059534072876,0.41775038838386536,0.632892370223999,0.726856529712677,-0.3668239414691925,0.3677472770214081,-0.2501363158226013,-0.12938091158866882,-1.2816312313079834,1.2414603233337402,-0.7698982954025269,-1.1920222043991089,-1.4140386581420898,-0.3379567265510559,1.5980418920516968,-1.6793192625045776,-0.1093217134475708,0.5524316430091858,1.4013351202011108,0.02491309680044651,0.44730010628700256,-0.8551210761070251,0.2749176323413849,0.29418280720710754,0.7288371920585632,0.3538660407066345,-1.4681416749954224,-0.6294340491294861,-0.5100156664848328,0.034802407026290894,1.2470827102661133,-0.1994660198688507,-1.1802550554275513,0.9437167048454285,-0.24463942646980286,1.043225646018982,0.43565818667411804,1.078342080116272,0.6294358372688293,1.7202963829040527,0.5497443079948425,0.30647706985473633,0.028931664302945137,0.3980177342891693,0.15227559208869934,-0.7260311841964722,1.5065951347351074,1.5411183834075928,1.3704833984375,-1.6406242847442627,1.7753443717956543,-0.6059160232543945,1.0740876197814941,-0.7525618672370911,-0.674630343914032,0.4069078862667084,1.879318356513977,-0.6439545154571533,1.6389156579971313,-2.5227959156036377,-1.210174560546875,0.007516466546803713,-1.926517128944397,2.07684588432312,-0.1466602385044098,0.4777258336544037,-1.0170236825942993,1.2565531730651855,0.23817238211631775,-2.0353879928588867,-0.164885014295578,-0.1704763025045395,0.9303481578826904,0.8896529078483582,0.6522343158721924,0.27974414825439453,-0.6828322410583496,-1.6493029594421387,-0.9370541572570801,0.6268025040626526,1.366220474243164,-0.580754280090332,-1.4559305906295776,0.922881007194519,-0.7913364768028259,0.6271266341209412,-0.4694864749908447,1.3823076486587524,-0.4712790250778198,1.7038393020629883,0.8429655432701111,-0.4601878821849823,0.28815290331840515,0.2730443477630615,-0.4825146496295929
amazon-apps.csv,-0.31841617822647095,0.8631249070167542,-1.0638386011123657,1.689092993736267,-1.4141515493392944,1.0595206022262573,0.9404228329658508,0.7966369390487671,0.7057482004165649,-0.39335113763809204,-0.3740406334400177,0.5593664050102234,-0.11190983653068542,-1.5415024757385254,-0.194054514169693,-0.6797918677330017,-0.6312640309333801,-0.7904776930809021,0.16621892154216766,-1.0780646800994873,-2.869306802749634,-0.8026142716407776,0.6058855056762695,-0.8181428909301758,0.24396507441997528,1.4006719589233398,-0.7462725639343262,0.36415213346481323,0.7034144997596741,-0.10149979591369629,0.9672130942344666,0.0984685942530632,1.8149784803390503,-0.33276253938674927,0.09819432348012924,0.5071203708648682,-1.0564019680023193,0.08309035003185272,0.8095700144767761,-1.442422866821289,0.3632919490337372,1.3107056617736816,1.0811461210250854,-0.35404983162879944,-0.837506115436554,-1.330221176147461,-1.6055184602737427,-0.7471649646759033,0.4925936758518219,0.969786524772644,0.19724507629871368,0.07935158163309097,0.3933451175689697,-0.09232302010059357,2.0049960613250732,-0.4649098515510559,0.8117272853851318,-0.6398388743400574,0.051229327917099,0.01706407032907009,-0.8089640140533447,-0.2786107659339905,-1.8521310091018677,-0.3497491180896759,-1.062587857246399,0.17771051824092865,-1.3475375175476074,-0.7854582071304321,1.1849358081817627,0.36945441365242004,-0.7278977632522583,0.6715837717056274,0.008821546100080013,-0.7839219570159912,-0.19362109899520874,1.6556316614151,-0.055089071393013,-0.6227321624755859,1.055754542350769,-0.3718833327293396,-0.21270406246185303,-1.8668192625045776,0.6390654444694519,0.6294429898262024,-0.5036673545837402,-0.4663379192352295,1.4632084369659424,-1.3198531866073608,1.023655891418457,-0.23476417362689972,-1.1645522117614746,-1.1051695346832275,-2.709650754928589,-0.2837284803390503,0.1400424838066101,-0.7483278512954712,0.23075991868972778,0.20124584436416626,-0.8242881298065186,-2.0380048751831055,0.9503735899925232,-0.3150481879711151,1.123415231704712,-1.255819320678711,-0.8213750123977661,0.8211362957954407,-0.03815271332859993,0.9445050954818726,-0.4647812843322754,-0.861035168170929,0.6957976818084717,0.27771276235580444,0.6703880429267883,-2.9605870246887207,1.991237759590149,-1.0426347255706787,-1.7862898111343384,-1.280505895614624,0.483750581741333,0.9544767737388611,-0.5389248132705688,-0.3719361126422882,-0.9753710627555847,0.8630111217498779,-1.061547875404358,1.4077056646347046,-0.5500608086585999,0.23829637467861176,0.013247148133814335,0.9987125992774963,2.18040132522583,0.374275803565979,-0.1278844177722931,0.23347429931163788,-1.6538653373718262,0.9131864309310913,-0.7094718217849731,-0.12988513708114624,-0.1743701994419098,0.07415365427732468,0.2937125861644745,1.296258568763733,-0.3128107786178589,1.8270463943481445,-1.1092461347579956,0.14478029310703278,0.6314297318458557,-0.26695239543914795,-0.21964654326438904,-0.2532963156700134,0.18747924268245697,1.8018836975097656,-0.036740388721227646,0.6037992835044861,-0.6662327647209167,1.0460985898971558,-0.36727267503738403,1.1997883319854736,1.716599464416504,0.3560619354248047,0.5947068333625793,2.080986261367798,-1.418299913406372,0.3262659013271332,-2.514824628829956,0.4815327227115631,-0.6642412543296814,1.0939034223556519,2.1843812465667725,0.05696330592036247,0.6908653974533081,0.05179281532764435,1.884444236755371,-0.27164825797080994,0.05321834236383438,-1.5187439918518066,-0.8790761828422546,1.0664275884628296,-0.06260398775339127,2.192657947540283,-1.2194136381149292,-0.19865280389785767,-0.013314049690961838,1.0782928466796875,0.5186603665351868,1.504868984222412,0.34028884768486023,-0.8514983654022217,1.2040941715240479,-0.6768078207969666,0.49249663949012756,0.851077139377594,1.4606736898422241,-0.011837337166070938,-0.5371685028076172,0.7616553902626038,-0.17856036126613617,0.7056769132614136,-0.8562029004096985,-0.15063340961933136
amazon-phones.csv,-0.5743504166603088,1.6831302642822266,0.14975248277187347,-0.2197454273700714,-0.08912702649831772,0.16719292104244232,-0.20691712200641632,-0.4255830943584442,-0.36383363604545593,-1.6594306230545044,-0.8928126692771912,0.7788525223731995,0.6644525527954102,-1.9211665391921997,0.1881399303674698,-1.3404370546340942,-0.688175618648529,-0.30155840516090393,0.4372970461845398,-1.6101051568984985,-0.16531825065612793,-0.7746633291244507,0.6366490125656128,-0.8532954454421997,-0.11903086304664612,0.0769299790263176,0.2661677598953247,-0.3305950164794922,0.48778051137924194,-0.050086863338947296,1.924515962600708,0.8381875157356262,0.4395933151245117,1.238564372062683,0.5553577542304993,-0.5383274555206299,0.5496299266815186,-1.2564047574996948,1.8001594543457031,0.14942345023155212,0.7710261344909668,0.6404537558555603,2.527399778366089,-0.5617066621780396,-0.9789841771125793,-1.6908347606658936,-0.531347393989563,-0.3431846499443054,0.7787330746650696,-0.6286781430244446,-1.526348352432251,-0.11251731216907501,0.4472813010215759,0.13793569803237915,1.7337007522583008,-0.34042784571647644,0.32961100339889526,0.8230628371238708,0.4267841577529907,0.4938127398490906,0.48198211193084717,-1.498552680015564,-0.4184865951538086,0.31058165431022644,-0.05433177947998047,0.41498425602912903,-1.2685586214065552,0.769963264465332,0.6184678077697754,-1.5595643520355225,0.30515170097351074,2.530531883239746,-0.10336960852146149,-1.3863061666488647,-1.4660420417785645,0.2505270540714264,0.1517389863729477,-0.403550386428833,1.282691478729248,-0.6665859222412109,-0.7312743067741394,-2.7953155040740967,-0.339982271194458,0.8031256794929504,0.49583321809768677,0.5727094411849976,0.9798811674118042,0.5496886968612671,1.3352130651474,-0.33667394518852234,-0.3257649838924408,-1.652226209640503,0.1440504491329193,-0.667148232460022,0.43914732336997986,-1.5013843774795532,-1.0961081981658936,0.5004600286483765,1.798447608947754,-1.2714749574661255,1.3057159185409546,-0.4068961441516876,-0.21683959662914276,-1.3777663707733154,-0.12361282110214233,1.050394058227539,0.6348481178283691,1.0910989046096802,-0.31768736243247986,-0.07308942079544067,-0.16963055729866028,1.053165316581726,-0.9074364304542542,-0.6646232008934021,2.0268356800079346,-0.9124933481216431,-1.9388720989227295,-0.2601586878299713,0.4800686836242676,0.6521903276443481,-1.5869759321212769,-0.4269048869609833,-0.027258388698101044,0.04218185693025589,-0.007741309702396393,0.5019277334213257,-0.8126181960105896,-0.23000186681747437,0.40734532475471497,2.221569538116455,1.1708025932312012,-1.3956207036972046,0.12995563447475433,-1.401676058769226,-0.3615051805973053,0.30527228116989136,-1.50355064868927,-0.5942792892456055,0.38009774684906006,0.17056520283222198,-0.49776145815849304,1.8285753726959229,-0.5431379675865173,0.696012020111084,0.026478804647922516,-0.4224579334259033,0.09371425211429596,-0.3030940890312195,-0.76132732629776,-1.368253469467163,-1.0601246356964111,-0.6347541809082031,-1.8487790822982788,0.6248073577880859,0.7999801635742188,0.9694223999977112,-1.1527985334396362,0.9716551303863525,-1.483639121055603,2.231734037399292,0.9650387167930603,0.42853444814682007,-0.37590351700782776,0.9350522756576538,-2.5500309467315674,-0.3142949938774109,-0.8631728291511536,0.5267254710197449,1.7646502256393433,-1.5209542512893677,0.18039123713970184,-0.019694244489073753,0.7993057370185852,-1.2787615060806274,-1.7337918281555176,-0.38880249857902527,-1.683294653892517,-0.21847908198833466,1.3797039985656738,0.3921091556549072,-0.5968873500823975,1.0694963932037354,-1.3235039710998535,0.06963791698217392,0.14224016666412354,0.38119933009147644,-0.07673683017492294,-1.381890058517456,1.5285520553588867,-0.24228057265281677,-1.3629640340805054,-0.3970266878604889,1.430648922920227,1.7455801963806152,1.3259758949279785,-0.7244341373443604,-0.33472973108291626,-0.0448208823800087,1.009737253189087,-0.629403293132782
yelp.csv,-0.5011228322982788,0.2818596661090851,-0.5697101950645447,1.1948282718658447,-1.0005393028259277,1.3960241079330444,-0.1758534163236618,-0.5612360239028931,1.0459235906600952,0.2884991466999054,-1.1859551668167114,1.1049178838729858,0.30084720253944397,-0.3123985826969147,0.6797437071800232,-1.7134495973587036,-0.23068511486053467,1.0500346422195435,-0.05910009145736694,-1.048226237297058,-2.149813413619995,-0.18166367709636688,0.37364301085472107,-0.35693851113319397,0.9119663238525391,0.845035195350647,0.6125621795654297,-1.0662060976028442,-0.35670968890190125,-1.5088547468185425,1.3495972156524658,-0.1926134079694748,0.14871716499328613,-0.611741840839386,0.1498345136642456,0.011630377732217312,0.037658993154764175,0.39198318123817444,0.529827356338501,-1.5425788164138794,-0.7366244792938232,1.8030924797058105,0.5952402949333191,-1.1267116069793701,0.3748598098754883,-2.1400344371795654,-0.5687691569328308,-0.35311466455459595,-0.2607145309448242,-0.4652267098426819,-0.538017213344574,-0.7339460253715515,0.9553172588348389,1.9370816946029663,1.1658815145492554,1.4396812915802002,0.5929358005523682,0.7779579162597656,-1.2370027303695679,0.40502041578292847,0.662672758102417,-0.6164964437484741,-1.9274441003799438,0.48798686265945435,-0.9740089178085327,-0.21915128827095032,-1.6302176713943481,-0.5507418513298035,-0.49592992663383484,0.29908281564712524,-0.6173927783966064,0.9522386193275452,-0.4624926745891571,-1.4274277687072754,-0.7721683382987976,-0.7169310450553894,0.6047977805137634,-1.4051752090454102,1.6453603506088257,-0.1691632866859436,0.121126189827919,-0.610731840133667,0.12051419913768768,1.1663024425506592,-1.2420953512191772,-0.18416687846183777,1.0385829210281372,-0.9467514753341675,-0.6107745170593262,-1.2989109754562378,-0.07872125506401062,0.21713289618492126,-0.06615926325321198,0.17562569677829742,-0.5559720396995544,-0.5835740566253662,-0.760728657245636,2.9564573764801025,-0.8632445931434631,0.6274124383926392,0.7737442851066589,-1.9293242692947388,1.2475700378417969,-0.781809389591217,-0.4016017019748688,1.41064453125,0.4795515835285187,0.6737763285636902,1.636181354522705,-0.5311560034751892,0.46413344144821167,-0.7596302628517151,0.9746173024177551,-1.674181342124939,1.3500804901123047,-0.5400314927101135,-0.6630918383598328,-0.18260131776332855,1.6311064958572388,0.7339500784873962,-0.2951480448246002,-0.5092782378196716,-1.3576403856277466,0.9316102266311646,-0.10461866855621338,-0.11127280443906784,0.8647148609161377,-0.3476569950580597,-0.5517246723175049,0.7745687365531921,1.553740382194519,-1.1475574970245361,-0.40157946944236755,-0.2005055695772171,-0.33730506896972656,1.3188731670379639,-2.248445749282837,0.7092733979225159,0.7662070393562317,0.8009949326515198,-0.9588416814804077,0.618648111820221,-0.11023888736963272,0.4584057331085205,0.9217845797538757,-0.604005753993988,0.719054102897644,-0.020116111263632774,-0.4384998381137848,-0.23548948764801025,0.030314898118376732,1.7862998247146606,0.04363885894417763,0.05699433386325836,-1.7435702085494995,-0.16650612652301788,-1.7157340049743652,0.9944959282875061,-0.10299102216959,0.20546254515647888,-0.5845382213592529,1.906322956085205,-1.773199439048767,1.3321915864944458,-1.082538366317749,-0.23238195478916168,-1.5290755033493042,0.4664684236049652,1.691447377204895,0.2273002415895462,1.5807974338531494,0.05313804745674133,2.172888994216919,-0.4711817502975464,-1.2925084829330444,-2.016347646713257,-1.0228811502456665,1.253884196281433,0.5459572672843933,1.724380612373352,-1.3216477632522583,0.4472542107105255,0.07137126475572586,0.33908790349960327,0.6601220369338989,0.6934451460838318,-1.0505839586257935,-0.9133355021476746,0.9115171432495117,-0.12085834890604019,1.0646146535873413,-0.07258158177137375,0.8518118262290955,2.1332499980926514,-0.04995037615299225,1.5443938970565796,-0.08014825731515884,0.22350691258907318,0.31100282073020935,-2.551309585571289
movielens1m.csv,-0.174703910946846,1.0221858024597168,0.33157527446746826,0.9788739681243896,-0.3528394401073456,1.1732704639434814,0.4182787835597992,-1.2922321557998657,-0.011652625165879726,0.49853163957595825,0.23270168900489807,0.10580018907785416,0.6423304677009583,0.12039890885353088,0.09375740587711334,-1.3177344799041748,0.37591397762298584,-0.46433374285697937,-1.4041166305541992,-1.145918369293213,-0.2392800897359848,-0.086993008852005,1.6906683444976807,-1.5138598680496216,0.6877827048301697,0.5342149138450623,0.14454975724220276,-0.1915554255247116,-1.2707639932632446,-1.1901479959487915,0.37652140855789185,-1.0156019926071167,0.774371325969696,1.2665932178497314,-0.41714590787887573,-1.2800241708755493,-0.30197033286094666,-0.46149787306785583,1.7334321737289429,-0.23411135375499725,-0.4355112910270691,1.010084867477417,-0.051478926092386246,1.033836841583252,-1.458475947380066,-1.4185384511947632,-0.12182562798261642,-2.6898815631866455,0.7450888156890869,-1.0007424354553223,-0.35841822624206543,0.2676691710948944,-0.43277570605278015,1.0639935731887817,2.0939011573791504,1.7934296131134033,-0.6416947245597839,0.09598603844642639,0.2230628877878189,-1.6521395444869995,1.1424771547317505,0.4132843315601349,-1.6865315437316895,0.785162091255188,0.23748980462551117,-0.3290151357650757,-0.8965681195259094,-1.1086403131484985,1.8201433420181274,0.7494325637817383,0.331407755613327,0.7217963337898254,0.04196450114250183,-0.8942572474479675,-0.5525180697441101,0.5831668376922607,0.24354682862758636,0.4124133288860321,1.1588613986968994,0.12711769342422485,-0.7735983729362488,-0.9157031178474426,0.333101749420166,0.35338085889816284,0.6370266079902649,-0.14179979264736176,0.3255596160888672,-1.5790107250213623,0.5675889849662781,1.2498161792755127,-0.5803167819976807,-0.9949654340744019,0.7840702533721924,-1.0021131038665771,0.4769744277000427,1.5810070037841797,1.1450167894363403,0.41409188508987427,0.8237974643707275,-0.9501245617866516,0.2801944613456726,-2.2819788455963135,2.59151029586792,-0.5155530571937561,0.3430018424987793,0.8593258261680603,0.2348945587873459,2.061051607131958,0.764064371585846,-1.329725742340088,0.4666404724121094,0.14002922177314758,0.27181103825569153,-1.507147192955017,0.5417701005935669,0.3769044876098633,-1.1369823217391968,-1.1410043239593506,1.597884178161621,2.1885859966278076,-1.0456162691116333,-0.06710031628608704,1.8218797445297241,1.100135087966919,-1.057340145111084,1.191575527191162,-1.4404473304748535,0.8039395213127136,0.4205777049064636,0.7983054518699646,0.807887077331543,-0.1346098631620407,0.6986678242683411,0.07078749686479568,0.7338980436325073,-0.050645824521780014,-0.6649537086486816,0.47041890025138855,0.08228221535682678,-0.36876773834228516,-0.8911285996437073,1.8209384679794312,0.338928759098053,1.8557578325271606,0.025547433644533157,-0.6003547310829163,-0.7499274611473083,-0.7848513126373291,-1.5009227991104126,-0.3388463258743286,-0.5462735295295715,-0.8737555146217346,-0.7313481569290161,0.014309955760836601,-0.40068334341049194,0.40608158707618713,-1.117825984954834,0.4278544783592224,-0.48911142349243164,0.43342965841293335,-0.29623693227767944,0.8377140164375305,-0.5552505254745483,1.8706130981445312,-1.8330308198928833,1.097296118736267,-1.2957468032836914,0.06662371009588242,2.0569427013397217,-0.9172932505607605,1.9260622262954712,-0.7777764201164246,0.4027857780456543,0.3058733642101288,-0.7862489223480225,0.05727090314030647,-0.7895779609680176,1.507710576057434,1.7370097637176514,0.5711864829063416,0.8592069745063782,1.4212318658828735,-1.3186440467834473,-0.27160221338272095,1.8208658695220947,1.3490301370620728,-1.9622234106063843,-0.6197633147239685,1.6284689903259277,0.051716726273298264,0.15243513882160187,1.430472731590271,1.0389368534088135,-0.46164417266845703,1.0288147926330566,-1.0740233659744263,-0.24870993196964264,-0.116840660572052,-0.6758409142494202,-0.9325742125511169
