amazon-clothes.csv,0.3664173185825348,0.6196912527084351,-0.9509808421134949,0.722854733467102,0.8540401458740234,-0.03845107927918434,1.5387482643127441,0.8482499122619629,0.8730775713920593,0.15974880754947662,-0.6481889486312866,-0.45607995986938477,1.3032766580581665,1.0820115804672241,0.27007079124450684,1.7237344980239868,0.48573675751686096,0.31785154342651367,1.0420469045639038,0.21298812329769135,1.474311113357544,-2.6598188877105713,0.6883644461631775,0.33347710967063904,-0.5209512114524841,0.07707729935646057,-0.8748967051506042,-3.018477439880371,0.10540071129798889,0.5357683897018433,1.1971015930175781,-0.3190986216068268,0.052932754158973694,-0.34256747364997864,-1.1469964981079102,-0.5344219207763672,-0.3461293578147888,-0.7431972622871399,0.8076696991920471,1.0908187627792358,-0.3976358473300934,1.5356330871582031,0.3622656762599945,-0.10697631537914276,0.601432740688324,0.25457286834716797,-1.6094530820846558,0.47566649317741394,-0.34828025102615356,0.3315291106700897,-0.9887416362762451,1.0828713178634644,0.49519121646881104,0.23241272568702698,-1.3130191564559937,1.6689910888671875,1.977315902709961,-0.4095989763736725,-0.8861770033836365,1.4510022401809692,1.8105918169021606,0.7543731331825256,-0.5941967368125916,0.4220254421234131,0.5240955352783203,0.03099994733929634,0.12046489119529724,-0.748630940914154,-1.0553098917007446,-0.22611135244369507,1.392703652381897,1.6091192960739136,-1.1005061864852905,1.004003882408142,1.5035934448242188,0.2553497850894928,1.3284863233566284,0.41613277792930603,-0.30430474877357483,0.28857865929603577,-0.8894751667976379,-0.28114742040634155,-0.9263944625854492,-0.36066964268684387,-1.0639442205429077,1.3632816076278687,-1.9790257215499878,0.12980157136917114,0.041412245482206345,-1.844146966934204,-0.6152419447898865,0.2802218794822693,-2.2354042530059814,1.5096029043197632,-0.4435720443725586,-0.642335832118988,-1.009297251701355,-0.11380814760923386,-0.4261381924152374,-0.009218677878379822
amazon-instruments.csv,0.2485777884721756,-0.6026341915130615,-0.7059298157691956,0.1995002031326294,1.040984034538269,-0.9977402091026306,0.8390499353408813,0.5511195063591003,0.014778457581996918,-0.6955507397651672,-0.39613816142082214,-1.0712214708328247,-0.03796795383095741,1.9762030839920044,0.7119452953338623,0.5160192847251892,-0.5216456651687622,0.4515044093132019,0.46470922231674194,-0.3123471140861511,1.446660041809082,-3.0564239025115967,0.6607962846755981,0.30664488673210144,-0.061390653252601624,0.37647807598114014,-0.05901527777314186,-2.9138498306274414,0.6565627455711365,0.7003052234649658,1.3376415967941284,0.5652414560317993,1.8083223104476929,-0.150384321808815,-1.7837306261062622,-1.110158920288086,-0.30764368176460266,-0.6711953282356262,0.8952175974845886,1.1096335649490356,-0.4394402801990509,1.4982836246490479,-0.18222102522850037,-0.06517196446657181,1.0061010122299194,0.10904591530561447,-1.7018182277679443,-0.13076269626617432,0.393840491771698,0.952286422252655,-1.0195808410644531,0.006011157296597958,-0.5514864921569824,-0.22161990404129028,-0.8071476221084595,2.1947338581085205,1.1657339334487915,-0.5382447242736816,-0.8829054236412048,-0.0720691978931427,1.2811616659164429,1.0891273021697998,-0.5048397183418274,0.4594102203845978,1.7001310586929321,0.13976000249385834,-0.2478242665529251,-0.8262513279914856,-1.6326651573181152,0.29987746477127075,1.3753035068511963,2.2434637546539307,-1.3630141019821167,1.1616917848587036,1.3441697359085083,0.9239460825920105,1.430042028427124,-0.1361621618270874,-0.2907487452030182,0.3428637683391571,-1.0632723569869995,-0.6615391373634338,-0.6338750123977661,-1.3805699348449707,0.3807319700717926,0.07486482709646225,-1.3854607343673706,-0.33025339245796204,-0.6444641351699829,-2.0618340969085693,-0.3116202652454376,-0.7201328873634338,-0.6801712512969971,0.20333319902420044,-0.37263113260269165,0.04642659053206444,-0.1560235321521759,-0.4231319725513458,-0.432768851518631,0.9322335720062256
movielens1m.csv,-0.12524563074111938,-1.2275679111480713,0.838084876537323,2.4773905277252197,2.0220766067504883,0.26788973808288574,0.9048867225646973,0.37646082043647766,0.5301275253295898,-1.0004327297210693,1.2843866348266602,-0.3621993064880371,-0.452925443649292,0.3361276686191559,-1.2974871397018433,1.9445692300796509,-0.7718489766120911,-0.4203895628452301,0.366793155670166,1.0181105136871338,1.8710054159164429,-1.9067469835281372,1.0972473621368408,-0.5258480906486511,0.9339981079101562,0.033961549401283264,0.49782949686050415,-1.9228708744049072,0.6244939565658569,-0.7084229588508606,-0.7179630994796753,-0.720723569393158,0.6048247814178467,0.1512664258480072,0.23156392574310303,-0.9380633234977722,-0.15986117720603943,0.1518194079399109,1.4851163625717163,-0.25890475511550903,-0.6862689256668091,1.3124254941940308,0.485636830329895,-0.034790653735399246,0.4501951038837433,0.9563348889350891,-2.1976444721221924,-0.6565443873405457,-0.0077597638592123985,0.06955466419458389,0.34871765971183777,1.2011146545410156,-0.9423595070838928,-0.052692960947752,-0.46554258465766907,-1.7466347217559814,0.9384768009185791,0.26192596554756165,-1.1863631010055542,0.011461981572210789,1.134049415588379,-0.22846196591854095,-0.4085984528064728,-0.24816735088825226,-0.42803406715393066,1.6843736171722412,-0.9134405851364136,-0.9798750877380371,-1.5413284301757812,0.5166184306144714,0.22597183287143707,1.0306928157806396,0.3982051610946655,-0.3026273250579834,1.1208291053771973,1.8275777101516724,0.9911155104637146,1.7774094343185425,-0.4854367971420288,0.0865614265203476,0.2617560923099518,0.22224146127700806,-1.6831824779510498,0.15980182588100433,0.8519610166549683,-0.17064297199249268,-1.9653550386428833,-0.7458823323249817,1.0873688459396362,-1.375003695487976,-0.6215587258338928,-0.32072725892066956,-1.4255225658416748,1.4581032991409302,0.395221471786499,-1.6795607805252075,0.8315970301628113,-0.8391580581665039,0.4590124785900116,0.07349150627851486
amazon-garden.csv,-0.438474178314209,0.7606841325759888,0.4766773581504822,0.010201623663306236,1.265953779220581,0.46358761191368103,0.234910249710083,0.5930535793304443,0.3716212809085846,0.5970515012741089,-0.7083804607391357,-0.399217814207077,0.6780822277069092,0.9390931129455566,-0.12269013375043869,1.5114963054656982,-0.8581390976905823,0.4964909851551056,-0.29035767912864685,-1.4962958097457886,1.693593978881836,-1.7345367670059204,0.6444580554962158,-0.4293120503425598,0.597382128238678,-0.3893277049064636,-0.8573903441429138,-2.4139740467071533,0.3561164140701294,-0.11296530812978745,1.6466747522354126,-0.7517358660697937,1.403630018234253,0.03488919883966446,-0.27018290758132935,-1.0118080377578735,0.7713784575462341,-0.6421449780464172,0.7477656602859497,0.22655519843101501,-1.734686255455017,0.6998101472854614,-0.7718097567558289,0.7260924577713013,1.0045596361160278,0.9816368222236633,-1.628650188446045,-0.3235388696193695,0.12504658102989197,0.07287720590829849,0.21435773372650146,1.0556443929672241,-0.39907094836235046,-0.3694833517074585,0.41679415106773376,2.1607143878936768,1.8457667827606201,-0.3979339599609375,-1.815489411354065,1.3949072360992432,0.4671916365623474,0.7890498042106628,-0.398471862077713,1.4344826936721802,0.8642168045043945,0.06476984918117523,-0.43827152252197266,-1.1352803707122803,-1.206676721572876,-0.5826855301856995,1.7329587936401367,2.3272712230682373,-1.0318862199783325,0.16413193941116333,0.6308735013008118,1.301650881767273,1.6470445394515991,0.7180246114730835,-0.1961967796087265,1.0606412887573242,-0.30358532071113586,-0.9260600209236145,-1.2279787063598633,-1.8598915338516235,0.10583149641752243,1.4265540838241577,-1.5747342109680176,0.3990148901939392,0.16605308651924133,-0.730850100517273,-0.44821909070014954,-0.3014977276325226,-1.5188486576080322,0.9974784851074219,-0.6253637075424194,-0.023201903328299522,-0.4547525644302368,-0.998895525932312,-1.2051303386688232,1.2884867191314697
yelp.csv,-0.020839441567659378,1.3241852521896362,-0.16109229624271393,0.8849301338195801,0.09492969512939453,0.040689729154109955,1.5270136594772339,1.44660484790802,0.9406336545944214,0.2911153733730316,-1.2140213251113892,-0.6762585043907166,0.09042417258024216,2.274299383163452,0.533423662185669,1.1246076822280884,-1.2019330263137817,-0.09151288866996765,0.8797573447227478,-0.4720497727394104,1.119378924369812,-2.267245054244995,1.3596047163009644,1.5987359285354614,-0.9379869103431702,0.6122448444366455,-0.6253435611724854,-1.983818531036377,0.9852480292320251,-0.5156879425048828,0.5346677303314209,-1.4520275592803955,1.2279027700424194,-0.15993104875087738,0.17246872186660767,0.20391009747982025,-0.9719898104667664,-0.7134698033332825,-0.6531440019607544,-0.33229678869247437,-0.6633636951446533,-0.21604295074939728,0.1689910590648651,-0.7965286374092102,0.7655421495437622,-0.25647038221359253,-1.9352552890777588,-1.3492604494094849,0.7316370606422424,0.5876344442367554,-0.2700834572315216,-0.1752687394618988,-1.684056043624878,0.1974119246006012,-0.8444579243659973,0.40424033999443054,1.6852754354476929,-0.14896421134471893,-1.9559844732284546,0.8731486201286316,0.88270103931427,-0.9682824611663818,0.01833244413137436,-0.023228811100125313,1.6130062341690063,-0.05141514167189598,-0.4034254252910614,-0.7521735429763794,-0.07094400376081467,0.16130365431308746,1.7511820793151855,1.685153603553772,-1.0242726802825928,0.5628697872161865,1.76933753490448,1.1391658782958984,1.619950294494629,0.21002550423145294,-0.9968270063400269,-0.281059592962265,-0.49983423948287964,0.20984670519828796,-0.048410508781671524,-0.559675931930542,-1.5778981447219849,1.0402617454528809,-1.9278643131256104,0.8875871896743774,-0.2557559311389923,-1.8060767650604248,-0.8762534856796265,-0.9661941528320312,0.13165386021137238,1.1024993658065796,0.4055386781692505,0.6240007281303406,-0.09777168184518814,-0.4131794273853302,-1.2095012664794922,0.30779609084129333
amazon-apps.csv,0.45199504494667053,1.4237604141235352,-1.4958446025848389,0.3074392080307007,1.0732780694961548,2.0675926208496094,1.77871835231781,-0.5879050493240356,0.265825480222702,0.1397838592529297,-1.73639714717865,0.26528826355934143,0.12268949300050735,0.7090998888015747,-0.31770315766334534,1.2489664554595947,-0.7942541837692261,-0.11464572697877884,1.3541929721832275,0.008793738670647144,1.0547455549240112,-1.9641486406326294,0.2912646234035492,0.7328937649726868,-0.5336816310882568,1.6544235944747925,-0.8723220825195312,-2.306147575378418,2.008443832397461,0.45591190457344055,1.026955485343933,-0.7205278277397156,1.4390891790390015,-0.21881049871444702,-1.4202920198440552,-1.0999828577041626,0.2934972941875458,0.3036061227321625,-0.9394508600234985,0.48327094316482544,-0.5496706962585449,0.7887408137321472,0.4939551055431366,0.7437822222709656,-0.1305055469274521,0.4447202980518341,-1.126079797744751,-1.0235060453414917,0.7270030975341797,0.9820565581321716,-0.8938174843788147,0.3804434537887573,-0.5512468218803406,-0.146488219499588,0.09352909028530121,2.3885231018066406,2.7367281913757324,0.2780246436595917,-0.15582440793514252,0.020530859008431435,1.3178211450576782,0.5860670208930969,0.261242538690567,0.9575201272964478,1.030529260635376,-0.02411266788840294,0.4778915047645569,-0.334301233291626,-0.1799079030752182,-0.6166665554046631,0.5668343901634216,0.8992939591407776,-0.9329376816749573,-0.08835829049348831,-0.07415932416915894,1.0660828351974487,0.19822372496128082,0.9489511847496033,-0.5267974138259888,0.027877148240804672,0.3810928761959076,-0.44720155000686646,-2.0798697471618652,-1.3279608488082886,-0.01593761146068573,1.1573851108551025,-1.5837761163711548,0.8560089468955994,-0.3153305947780609,-0.9617169499397278,-0.378715842962265,-0.017117071896791458,-1.8088685274124146,1.833914875984192,-0.18533174693584442,0.22796054184436798,-0.7756150960922241,-1.0622036457061768,-1.1403619050979614,0.12180355191230774
amazon-pet-supplies.csv,0.034023284912109375,0.6743255853652954,-0.47792360186576843,1.242388367652893,1.268743634223938,-0.3891184628009796,0.8748776316642761,1.2768349647521973,0.9395130276679993,0.05425431206822395,-0.055194150656461716,0.6093946099281311,-0.4888404309749603,1.667916178703308,0.3558395206928253,1.3271914720535278,-0.39713260531425476,0.37810903787612915,0.651766836643219,-0.23697137832641602,1.431409239768982,-2.151273012161255,0.7403078079223633,0.524492084980011,-0.8239960670471191,0.2632284462451935,-0.9296386241912842,-2.3150432109832764,0.5986632704734802,0.27112695574760437,0.8020175695419312,-1.134671926498413,0.904549241065979,-0.33242106437683105,-1.144777774810791,0.15437841415405273,-0.45999637246131897,-0.7653639316558838,0.8690574169158936,1.4170475006103516,-1.0004549026489258,0.6582468152046204,0.17017614841461182,-0.4864628314971924,0.112015500664711,0.09591759741306305,-2.1451220512390137,0.7243191599845886,-0.1439526379108429,1.2811861038208008,-0.7917442321777344,0.7114405035972595,-0.00273976381868124,0.14803600311279297,-0.8556434512138367,1.857417106628418,2.075820207595825,-0.18321099877357483,-0.9303522706031799,-0.25042104721069336,1.4907033443450928,0.20196881890296936,-0.36492523550987244,0.13335348665714264,2.206096887588501,1.2613195180892944,-0.9981831312179565,-1.5999106168746948,-0.9194632172584534,0.45703497529029846,2.0335052013397217,1.6834819316864014,-1.7991772890090942,0.3515062630176544,1.0808184146881104,0.16487959027290344,1.0224146842956543,-0.1854453831911087,-0.4649796783924103,0.03637804836034775,-0.46917885541915894,-0.7680049538612366,-1.3352930545806885,-0.6356565356254578,-0.42364567518234253,0.9821319580078125,-0.6039378643035889,0.23733817040920258,-0.46419987082481384,-1.7504030466079712,-1.0956512689590454,-1.2049047946929932,-0.5612391233444214,1.1501504182815552,-0.8497536182403564,-0.6375135779380798,-0.953098714351654,-1.1485652923583984,-0.7924569249153137,1.5710786581039429
amazon-automotive.csv,0.48793917894363403,0.8296683430671692,-1.375340461730957,0.05878758430480957,0.7529520392417908,0.17674842476844788,0.8721520304679871,0.06520172208547592,1.7594636678695679,-0.016713306307792664,-0.022765714675188065,0.39484360814094543,-0.24116045236587524,1.9931635856628418,0.20903824269771576,2.0724525451660156,0.6165370941162109,0.28867608308792114,0.48410046100616455,0.33969759941101074,1.3934189081192017,-2.3773043155670166,0.6957226991653442,0.9428424835205078,-0.35067397356033325,-0.03435686603188515,-0.47382187843322754,-1.663537621498108,0.7829208374023438,0.6341164708137512,0.4277617931365967,0.6624844074249268,0.5298252701759338,-0.2888491451740265,-0.5540367960929871,0.08601287752389908,-0.34422221779823303,-0.6456794142723083,0.2785432040691376,1.3066991567611694,-0.1878475695848465,0.8753565549850464,0.3599870800971985,-1.1795998811721802,0.9587539434432983,-0.09004499763250351,-2.0937297344207764,0.8362342715263367,-0.46334022283554077,0.7181574702262878,-0.17139501869678497,0.08911406993865967,0.08693145215511322,1.2481963634490967,-0.7512575387954712,1.730366826057434,1.4950700998306274,-0.21635328233242035,-0.4906555712223053,0.9052549600601196,2.4465887546539307,0.5961639881134033,-0.4281931519508362,-0.4722055494785309,1.1938183307647705,0.9451389312744141,-0.23867611587047577,-1.6002057790756226,-1.885841965675354,-0.7617489695549011,1.6243277788162231,1.8001972436904907,-1.0969834327697754,0.3603021204471588,1.1404647827148438,1.013883352279663,1.503086805343628,0.4736628830432892,-0.3446557819843292,0.21815253794193268,-0.49286526441574097,-0.7287684082984924,-1.2028485536575317,0.37970981001853943,-0.5105693340301514,1.5473229885101318,-1.2257338762283325,-0.2436494082212448,0.10831201076507568,-2.3026323318481445,-1.3344190120697021,0.08135045319795609,-1.5834013223648071,0.9046085476875305,-0.8325480222702026,-0.6417810916900635,-0.2664037346839905,-1.3755983114242554,-0.5203859806060791,0.8581802845001221
amazon-health.csv,-0.08197762072086334,1.0452001094818115,-0.8422372341156006,0.7075678110122681,1.2692402601242065,-0.4722563922405243,0.6562374830245972,0.7367232441902161,1.0129982233047485,-0.33829715847969055,-0.8143219947814941,-0.47858887910842896,0.5332047343254089,1.7096796035766602,0.5591251254081726,1.1159696578979492,-0.24830186367034912,0.09131569415330887,0.866485595703125,-1.3699051141738892,2.1751766204833984,-1.8838880062103271,1.2189466953277588,0.27998021245002747,0.03032946027815342,0.010295947082340717,-0.7124452590942383,-2.9357335567474365,0.6392755508422852,0.7517870664596558,1.103648066520691,-0.29125505685806274,1.8119853734970093,-0.12716448307037354,-1.210333228111267,-0.41719815135002136,-0.601841390132904,-1.4267586469650269,0.11495362222194672,0.6958841681480408,-1.1787649393081665,1.6752654314041138,-0.7265775799751282,0.10435294359922409,0.5480245351791382,-0.2691722810268402,-1.9052636623382568,0.15249335765838623,0.510113000869751,0.5903677344322205,0.2612905204296112,1.1202659606933594,-0.45403602719306946,-0.1408495306968689,-1.094077467918396,2.0159950256347656,1.9221919775009155,-0.35759732127189636,-1.1191645860671997,0.4160691797733307,1.1366684436798096,0.5407169461250305,-0.3636864423751831,-0.28356289863586426,1.2982114553451538,-0.18526075780391693,-0.41957107186317444,-1.044968605041504,-0.946912407875061,-0.7192290425300598,0.9252434968948364,2.253194808959961,-0.9023312330245972,1.2816168069839478,1.1518356800079346,0.780976414680481,1.6741787195205688,0.3977524936199188,-0.7243251204490662,-0.01329041924327612,-0.41892433166503906,-0.44865474104881287,-1.1804076433181763,-0.8142726421356201,-0.2090301513671875,0.7081590890884399,-1.4638265371322632,-0.09611322730779648,-0.9170030951499939,-2.0757224559783936,-1.0315696001052856,0.08016249537467957,-0.3160199820995331,0.9055212736129761,-0.4516165554523468,0.053702376782894135,0.07242044061422348,0.037916507571935654,-0.49223649501800537,1.4629119634628296
movielens100k.csv,0.07863735407590866,-0.17143748700618744,0.26751208305358887,-0.8047237992286682,2.0768039226531982,-0.8362799882888794,-0.6119080185890198,0.5329509377479553,1.0107018947601318,1.0308977365493774,-0.4765974283218384,0.5897254943847656,0.18534529209136963,1.5644800662994385,-0.1330658495426178,1.38603937625885,-0.050031356513500214,0.4690691828727722,0.31964823603630066,-0.4595736265182495,0.7486975789070129,-1.4558535814285278,0.023436473682522774,1.103768229484558,-0.41709229350090027,-1.358850359916687,-1.8324611186981201,-0.8000454306602478,1.7034639120101929,0.7052610516548157,1.0792567729949951,-0.19340965151786804,0.32283440232276917,-0.1786985546350479,-0.7654587626457214,-0.7946221828460693,0.06547053158283234,-0.14491090178489685,0.24148890376091003,-0.8231574296951294,0.0419025793671608,1.5409554243087769,1.0063655376434326,0.2963480055332184,1.2697985172271729,1.5109015703201294,-1.0862114429473877,-1.2869617938995361,1.3650312423706055,1.1403108835220337,-0.9161084890365601,0.16072870790958405,-0.3284701406955719,0.8003045916557312,-0.41361406445503235,-0.2193581610918045,2.8173019886016846,-0.5955826044082642,-0.16271784901618958,1.0052759647369385,0.06251872330904007,-1.2606546878814697,-0.3532729148864746,-0.9681214094161987,0.5179122686386108,1.1389225721359253,1.124502182006836,-2.859771490097046,-2.1136229038238525,0.5387699604034424,0.15495625138282776,1.3997139930725098,-0.26806938648223877,0.20276132225990295,-0.33906736969947815,0.3238363564014435,1.9326717853546143,-0.2207127809524536,-0.21259325742721558,0.9787692427635193,0.1499449759721756,-0.3233896493911743,0.21535147726535797,-0.21637125313282013,0.22725540399551392,-0.09593553841114044,-1.0809756517410278,-0.8022252917289734,1.2880630493164062,-1.572067379951477,-0.020355504006147385,-0.26717954874038696,-1.5836862325668335,1.563194751739502,1.1201591491699219,-2.446650981903076,0.28070518374443054,-0.7933347821235657,-0.039949700236320496,0.2638311982154846
amazon-kindle.csv,0.1803753525018692,0.38609829545021057,-0.13383328914642334,0.8102895021438599,0.966329038143158,-0.5525270104408264,1.6285749673843384,0.9478118419647217,1.0000585317611694,-0.4275433123111725,0.5384690165519714,-0.08127637207508087,0.7152069807052612,2.658231019973755,0.47195422649383545,1.044195532798767,-0.8016659617424011,0.18428772687911987,-0.2584921419620514,0.047790318727493286,1.9513150453567505,-2.3431997299194336,0.5288183093070984,1.9129133224487305,-1.2699843645095825,0.5210394263267517,-0.5207427144050598,-2.225619077682495,1.570655107498169,0.29341843724250793,0.8517786860466003,-0.36934614181518555,1.3150097131729126,-0.8535569310188293,-0.9706592559814453,0.34207984805107117,0.0014325827360153198,-0.9472278356552124,0.30217528343200684,0.1671581268310547,-1.0662251710891724,0.8574061989784241,0.20823125541210175,-0.14855943620204926,0.8170698881149292,0.15217576920986176,-2.2547190189361572,-0.14601834118366241,0.07338309288024902,0.6023227572441101,0.06610533595085144,0.6696282029151917,-0.7043569087982178,0.46093058586120605,-0.6175557374954224,0.9092642664909363,2.9398295879364014,-0.8133357763290405,-0.42988458275794983,0.4885276257991791,1.9434740543365479,0.3515429198741913,-0.04536016657948494,0.4426150918006897,1.6111483573913574,0.9318466186523438,-0.04370762035250664,-1.488498330116272,-1.3595807552337646,-0.3859795928001404,1.015683650970459,1.5992389917373657,-0.5069922804832458,0.6069543361663818,0.6049283146858215,1.2762575149536133,0.4437917172908783,0.3695240914821625,0.07893750816583633,-0.17217767238616943,-0.282744437456131,0.21985402703285217,-0.46688225865364075,-0.45046091079711914,-0.9719297885894775,1.406599760055542,-1.447774887084961,-0.5509246587753296,0.4343689978122711,-0.9309700131416321,-0.7327253222465515,-0.29549166560173035,-1.3591686487197876,1.7696579694747925,0.6376920938491821,-0.8387921452522278,-0.5627204179763794,-0.9067867994308472,-1.0308181047439575,0.7392424941062927
amazon-food.csv,0.16110487282276154,0.7752588987350464,-0.02888222597539425,1.5828330516815186,0.6195653676986694,-0.25112852454185486,0.6568311452865601,0.8879991173744202,1.4798260927200317,-0.40286150574684143,-0.20271767675876617,-0.32170459628105164,0.8685904145240784,1.7464152574539185,0.14977134764194489,1.4356930255889893,0.3959740400314331,-0.21922266483306885,-0.3341512978076935,0.013716915622353554,1.5106940269470215,-1.3539873361587524,0.7356565594673157,1.406990885734558,0.10408992320299149,0.2708015441894531,-0.5052279233932495,-1.893216609954834,0.5692818760871887,0.23790158331394196,1.275428295135498,0.06238656863570213,1.1497745513916016,0.07708723843097687,-0.7994102239608765,-0.14068984985351562,-0.824009895324707,-1.0117342472076416,-0.002295966260135174,0.8109297156333923,-1.1966462135314941,1.3315876722335815,-0.028957033529877663,-0.2796285152435303,0.3301405906677246,-0.21362613141536713,-2.4639546871185303,-0.24375829100608826,-0.42546889185905457,0.6214168667793274,0.7892186641693115,0.832872211933136,0.09418985247612,0.6579763889312744,-0.9682740569114685,2.3088595867156982,1.6810494661331177,-0.19745324552059174,-1.86404550075531,1.3287551403045654,1.2364320755004883,0.5393359661102295,-1.3829537630081177,-0.15659955143928528,1.8032912015914917,0.1978866457939148,-0.18457353115081787,-1.0116832256317139,-0.1818677932024002,-0.6452965140342712,1.5313223600387573,2.2196531295776367,-0.5047788023948669,0.6039318442344666,0.34353703260421753,0.3473585844039917,1.2200170755386353,0.9020816683769226,0.07174825668334961,0.5213200449943542,-1.4831770658493042,-1.026404857635498,-1.280030608177185,-0.5193812847137451,0.15046988427639008,0.6947216987609863,-1.9698585271835327,0.08317593485116959,0.1987292617559433,-2.155571699142456,-0.9299891591072083,-0.6807162165641785,-1.6807570457458496,1.211011290550232,-0.16028545796871185,-0.6065019369125366,-0.045386482030153275,-1.3339029550552368,-0.6749026775360107,1.2480597496032715
amazon-sports.csv,0.4714701175689697,0.5052917003631592,-0.8904861211776733,0.07438983768224716,0.7567382454872131,-0.14740367233753204,0.607878565788269,0.6553676128387451,0.1146993637084961,0.10900059342384338,-0.6603296399116516,-0.47176769375801086,0.3127138316631317,1.251861810684204,0.662571907043457,0.4740311801433563,0.2438359409570694,-0.47132354974746704,-0.013550636358559132,-0.17105726897716522,2.1856493949890137,-2.2428412437438965,0.7203081250190735,-0.3126949667930603,-0.03757995367050171,-0.03338652476668358,-0.12470373511314392,-2.653259515762329,0.5707060098648071,0.4071047604084015,1.0070894956588745,0.6371721625328064,1.432080864906311,-0.8669935464859009,-0.9098907709121704,-0.6797934770584106,-0.02548046223819256,-1.015697717666626,-0.04125277325510979,0.42453813552856445,-0.9888476133346558,1.0799016952514648,-0.691251277923584,-0.5040067434310913,1.690920114517212,0.7538759708404541,-1.5316914319992065,0.07075149565935135,-0.8090053796768188,-0.1331416815519333,0.5478916764259338,0.05101848021149635,-1.171971082687378,0.6388455629348755,-1.0672162771224976,2.813220739364624,1.672768235206604,-0.15726420283317566,-0.9086381196975708,0.7499587535858154,2.0728673934936523,0.6920745372772217,-1.2980543375015259,0.6727390289306641,2.444873809814453,-0.38174208998680115,-0.4080088138580322,-0.4741991460323334,-1.5264909267425537,-0.28246039152145386,1.216814398765564,2.1254966259002686,-1.083188533782959,0.4821615219116211,1.866001009941101,0.7627906799316406,0.798349142074585,0.7911543250083923,-0.8525186777114868,1.0710424184799194,0.3297795355319977,-0.31475889682769775,-1.6006231307983398,-0.9491462707519531,-0.2984157204627991,0.9276888370513916,-1.154435157775879,0.3880855441093445,-0.3126465082168579,-1.4787561893463135,-0.3171065151691437,0.624550461769104,-0.9190995693206787,1.17033052444458,-0.7723641991615295,-0.7798650860786438,-0.33321282267570496,-0.9138615727424622,-0.17367993295192719,0.9562707543373108
bookcrossing.csv,0.3946223855018616,0.5580793619155884,-0.6652173399925232,0.8343132734298706,0.6676043272018433,0.48769915103912354,1.3232096433639526,1.7186975479125977,0.8945723176002502,0.5035489797592163,0.20257863402366638,-0.20068494975566864,-1.2013520002365112,0.6058704257011414,0.3469315767288208,1.5754244327545166,-1.5879398584365845,0.7613106966018677,0.9364655017852783,0.36709487438201904,0.3884184658527374,-2.840956687927246,1.3330174684524536,0.8610549569129944,-0.09841017425060272,0.12693725526332855,-1.5062154531478882,-1.884306788444519,0.7144553661346436,0.8757688999176025,1.8089015483856201,0.10684511065483093,1.0697519779205322,-0.6820023059844971,-2.1393814086914062,-0.4211842715740204,0.3860108256340027,0.05708198621869087,-0.3717500567436218,0.7481055855751038,-0.016699619591236115,0.6042079329490662,-0.5199741125106812,0.9190139174461365,0.8452582955360413,-0.10896726697683334,-0.8549591898918152,-0.2102731317281723,0.10558084398508072,0.15277807414531708,-1.0827739238739014,-0.2432575225830078,-0.23542527854442596,0.6954325437545776,-1.2949963808059692,1.4455432891845703,0.30822762846946716,0.5697362422943115,0.2067912220954895,0.28272703289985657,1.6127991676330566,0.35669589042663574,-0.5718722939491272,-0.2771204113960266,1.4855200052261353,0.8626635074615479,-0.7386847734451294,-0.7213183641433716,-0.8733841776847839,0.11597014218568802,2.1878559589385986,2.3673460483551025,-1.046897292137146,0.7969050407409668,1.4754588603973389,1.7771140336990356,2.1697702407836914,-0.6761997938156128,-0.8819478750228882,-0.14640305936336517,0.7156825065612793,-1.057813048362732,-1.3355836868286133,-0.13928939402103424,-0.3256520926952362,0.0057564182206988335,-1.7511063814163208,0.43886610865592957,0.4154742658138275,-1.3019441366195679,-0.7624384164810181,0.16154153645038605,-0.6589857935905457,1.1030937433242798,-0.7598533630371094,0.04820726811885834,-0.6234232783317566,0.21407431364059448,-1.4147382974624634,0.7751667499542236
amazon-games.csv,0.012807425111532211,0.5034061074256897,-0.8802706599235535,-0.018113374710083008,0.9740538597106934,0.4913395643234253,0.22642025351524353,2.081212282180786,-0.3219756782054901,-0.12237975746393204,-1.0119121074676514,0.03543069213628769,-0.7638195157051086,1.6786420345306396,-0.6265446543693542,1.4947705268859863,-0.3071821928024292,-0.05253750830888748,0.43830084800720215,0.9184049963951111,0.9045499563217163,-2.310899019241333,0.8188697099685669,0.1986822634935379,0.04944735765457153,0.3403337895870209,-0.37197914719581604,-2.1741087436676025,1.666283130645752,1.2909224033355713,0.9497179388999939,0.23966795206069946,1.0579402446746826,-0.2871965765953064,-0.7885185480117798,0.9987820982933044,-0.4572417736053467,-1.024886131286621,0.08777797222137451,0.916663646697998,-0.2601470351219177,1.6423230171203613,-0.05323311686515808,0.21060515940189362,1.3036850690841675,-1.0715183019638062,-3.180114507675171,-0.09548532962799072,0.7412715554237366,1.1666927337646484,0.16787947714328766,0.20896846055984497,-0.0008198665454983711,1.1112505197525024,-1.1545218229293823,0.9167846441268921,1.2634527683258057,0.4718404710292816,-0.3703107535839081,-0.3284681439399719,1.600046157836914,0.002929062582552433,0.6811363697052002,0.2496880441904068,2.143113851547241,-0.5657068490982056,1.3851141929626465,-1.479234218597412,-0.7347556948661804,-0.5735506415367126,0.4602341949939728,1.728619933128357,-1.149935007095337,-0.37170490622520447,0.16258428990840912,0.15390963852405548,1.246494174003601,0.10361099243164062,-0.5312830805778503,0.08458908647298813,-1.0324032306671143,-0.9060289859771729,-1.1292750835418701,-0.0917804017663002,1.5395361185073853,0.5241737365722656,-1.4486184120178223,-0.2546136975288391,-0.9038981199264526,-1.1445597410202026,-1.3605211973190308,-0.7273688316345215,-1.4207136631011963,1.1921169757843018,-0.8980497717857361,-0.85983806848526,-0.11430709809064865,-1.1570312976837158,0.4480541944503784,1.0539664030075073
movielens10m.csv,-0.21108528971672058,1.0862820148468018,0.7139593958854675,-0.27591827511787415,1.116756558418274,-2.249035358428955,1.077526330947876,1.2988320589065552,0.8646642565727234,-0.35387706756591797,0.9222367405891418,0.5730870366096497,-0.6970003843307495,0.9214098453521729,-1.0851415395736694,1.8571516275405884,-2.0570600032806396,0.5326635837554932,1.3611485958099365,-0.6472082138061523,0.9051284193992615,-1.0412180423736572,1.0497221946716309,2.0420053005218506,1.053451418876648,-1.014570951461792,-0.5244843363761902,-1.0753710269927979,-0.38603532314300537,0.1583171933889389,-0.20332123339176178,0.6922158598899841,2.0763723850250244,0.7523727416992188,-0.17491614818572998,-0.011655477806925774,-0.5851598381996155,-0.9562625288963318,0.791945219039917,0.4626564383506775,1.0530242919921875,1.0060662031173706,-0.19448266923427582,-0.027015039697289467,0.776773989200592,0.08560935407876968,-0.009812005795538425,-1.1755660772323608,0.5258456468582153,1.2498631477355957,-0.32833269238471985,0.5434486269950867,0.14843563735485077,0.5908669233322144,0.596574604511261,0.3872816562652588,0.8343436121940613,-1.0569325685501099,0.09557273983955383,0.0517025850713253,1.3551313877105713,-0.11467542499303818,-0.2030077576637268,2.088350772857666,0.8058790564537048,0.18659164011478424,0.8450558185577393,-2.1902270317077637,0.7416999340057373,-1.3704099655151367,0.21318258345127106,1.6399562358856201,-0.5566660165786743,0.31407883763313293,-0.4146078824996948,0.6447482109069824,0.7661061882972717,-0.9959312677383423,0.6296550631523132,1.1036276817321777,-1.3864468336105347,0.07728847116231918,-1.0018415451049805,-0.759071946144104,-0.22365179657936096,0.9559216499328613,-2.134270429611206,0.18904073536396027,1.7802587747573853,-1.5352815389633179,0.41506242752075195,0.6188840866088867,-1.0667086839675903,2.3627495765686035,-0.21330800652503967,0.013655840419232845,-0.11386808753013611,-1.344628930091858,0.6381892561912537,0.868780255317688
amazon-cd.csv,0.47618329524993896,0.5706493854522705,-0.6309383511543274,-0.48023712635040283,1.4794219732284546,-0.09529634565114975,1.0040979385375977,1.4249303340911865,-0.16306786239147186,-0.26079854369163513,-0.47225314378738403,-0.907373309135437,0.8007581830024719,1.9252039194107056,0.6990540623664856,1.3632676601409912,-0.48583418130874634,-0.5783991813659668,0.9822847843170166,0.49297553300857544,1.0201696157455444,-2.01346492767334,1.7420692443847656,0.9219644665718079,0.22454416751861572,0.008489488624036312,-0.3271459937095642,-1.987424612045288,0.43908536434173584,0.29155340790748596,1.1656832695007324,0.5791420936584473,0.8734079599380493,0.107042096555233,-0.37301430106163025,-0.5755259394645691,-0.03838721662759781,-1.3764731884002686,0.23930881917476654,0.6459133625030518,-0.14225588738918304,0.6295135617256165,-0.07568862289190292,0.29738980531692505,1.5509079694747925,-0.21778811514377594,-1.9504034519195557,-0.003402962349355221,-0.18531112372875214,1.0662463903427124,-0.03768402710556984,0.12104787677526474,-0.4089890718460083,-0.46419277787208557,-1.2535732984542847,0.9034444689750671,1.6616336107254028,0.4770005941390991,-0.527103066444397,-0.04502789303660393,0.6391679644584656,0.7748187184333801,-0.8473565578460693,0.7154369354248047,2.216104507446289,0.5134197473526001,0.19746604561805725,-1.4444948434829712,-1.7229366302490234,-0.9476723670959473,1.661597728729248,1.3675049543380737,-0.8560565710067749,0.5033653378486633,1.9628382921218872,0.2226439118385315,1.9699456691741943,-0.0435163751244545,-0.7522286176681519,-0.6567941904067993,0.12950284779071808,-1.0943388938903809,-0.2594558894634247,-0.41277164220809937,-0.4385838508605957,0.7111743688583374,-2.5536997318267822,1.124815583229065,-0.2821255624294281,-2.014728307723999,-1.1394879817962646,-1.20139479637146,0.4752922058105469,2.0067622661590576,-0.3966630697250366,-0.16418711841106415,-0.7041623592376709,-0.2350025326013565,-0.1518009603023529,1.2910075187683105
yahoo-music.csv,0.16024386882781982,1.4066423177719116,0.7574965953826904,0.3226376473903656,1.9654101133346558,0.4745311141014099,1.4048939943313599,-0.08857658505439758,0.7970045804977417,-1.3363239765167236,1.097537875175476,-0.2820602357387543,-0.4260376989841461,0.2486981600522995,-2.3569250106811523,1.0147638320922852,-0.9420293569564819,-1.3570683002471924,0.2750062048435211,-0.26559919118881226,0.5314692258834839,-1.1918216943740845,3.268975019454956,0.788158118724823,0.006673749536275864,-1.6466401815414429,-0.7220293283462524,0.6062692403793335,1.7382724285125732,-0.006018317770212889,-0.1474243849515915,0.3212800621986389,2.1893718242645264,-0.41945555806159973,1.3585103750228882,-0.854929506778717,1.3047925233840942,-0.7283089756965637,0.21592165529727936,0.3653215169906616,0.39654800295829773,0.8930402994155884,-0.34554439783096313,0.569280207157135,0.577087938785553,0.1722002923488617,-0.9027819037437439,-0.09562224894762039,0.6636340022087097,1.0807315111160278,-1.777397632598877,1.0595035552978516,0.2552357614040375,-0.2237192690372467,-0.5327975749969482,-0.6759505867958069,0.6128173470497131,-1.1619945764541626,-0.023812441155314445,1.5997384786605835,1.3788278102874756,0.020813945680856705,0.2244841605424881,1.0963917970657349,1.976599931716919,0.7048989534378052,0.08488556742668152,-1.4477131366729736,-0.07426641136407852,-0.7398024797439575,1.1904346942901611,0.540508508682251,0.04759769141674042,-0.0975935161113739,0.9203283190727234,0.35679441690444946,0.8628395199775696,-0.8371241688728333,-0.36255189776420593,0.871877908706665,0.10688682645559311,-0.8187618255615234,0.3832606077194214,-0.37766197323799133,0.08898928016424179,0.5909804105758667,-1.7068456411361694,-1.463473916053772,0.3723561465740204,-0.5086921453475952,0.6012470126152039,-1.6487723588943481,-1.3296482563018799,1.0562278032302856,0.508842945098877,-2.248016834259033,-0.06311210989952087,-0.7963980436325073,0.3432442843914032,0.6692458391189575
amazon-baby.csv,0.4607699513435364,1.266789197921753,-0.3897596597671509,1.8319607973098755,1.1022791862487793,0.011813312768936157,0.6354575753211975,1.2133047580718994,0.6136488914489746,0.24593400955200195,0.6297520399093628,-0.018267322331666946,-0.5679250359535217,0.8236560225486755,-0.025595251470804214,0.8179755806922913,-0.8826785683631897,1.4430274963378906,0.013109765015542507,0.0866798534989357,2.422305107116699,-1.3883229494094849,0.9353815913200378,1.2723257541656494,-1.4787628650665283,-0.8504331111907959,-1.3417671918869019,-1.2331653833389282,0.8783538937568665,0.13902217149734497,0.8691185116767883,-0.1803383082151413,0.17754606902599335,0.4017501473426819,-0.4489251971244812,-0.6833750009536743,-0.67408686876297,-0.7008147835731506,0.5920398235321045,0.5380388498306274,-1.2737277746200562,0.968178391456604,0.45008260011672974,0.19853337109088898,0.5714108943939209,0.33660653233528137,-2.3644981384277344,-0.26543816924095154,0.5453440546989441,-0.25969773530960083,-0.6300095319747925,1.7238727807998657,0.15574729442596436,0.6437795162200928,-2.1514406204223633,1.8945865631103516,2.0088813304901123,-0.40032854676246643,-0.8562371730804443,-0.6112627387046814,1.5963462591171265,0.43108493089675903,-0.4132969379425049,-0.3895126283168793,1.1670575141906738,0.17198514938354492,-0.8087016344070435,-0.9551180005073547,0.17732033133506775,-0.754686713218689,1.871540904045105,1.573359489440918,-0.3522058427333832,-0.1715393215417862,0.5012219548225403,1.3413864374160767,1.29728102684021,-0.14855872094631195,-1.1569111347198486,0.17099854350090027,0.6261212825775146,-0.82792729139328,-1.6575042009353638,0.17565558850765228,0.6168444156646729,1.3006223440170288,-1.4214110374450684,0.1855534166097641,-0.755128026008606,-1.563329815864563,-0.03931807726621628,-0.2679218351840973,-0.27936357259750366,2.011016845703125,-0.5653164386749268,-0.9965888857841492,-0.9745606184005737,-1.1875287294387817,-0.9985126256942749,1.1559230089187622
amazon-tools.csv,0.04573281109333038,-0.23106203973293304,-0.7249069213867188,0.47571685910224915,0.4547064006328583,0.1767827421426773,1.0188450813293457,0.9016209840774536,0.03245162591338158,0.47710567712783813,-0.2490348517894745,-0.4719236195087433,-0.09597347676753998,1.725895881652832,0.26245391368865967,0.8584610819816589,0.5246554613113403,-0.31803086400032043,-0.130048468708992,-0.3208507299423218,1.8555580377578735,-2.411916494369507,0.5334783792495728,0.7838049530982971,-0.34609469771385193,0.5559873580932617,0.09364062547683716,-2.2961273193359375,0.8418033719062805,0.473095566034317,1.6219754219055176,0.37066975235939026,1.137921929359436,-0.9253841638565063,-1.3010714054107666,-0.08573557436466217,-0.09351259469985962,-1.04792320728302,0.7299882769584656,0.9568867683410645,-0.6076139807701111,0.8434180021286011,-0.14366388320922852,-0.7827059626579285,0.9436106085777283,0.07371010631322861,-1.9046523571014404,0.3611292541027069,-0.10125114023685455,1.592573642730713,0.8080717921257019,-0.1516263335943222,-0.4231583774089813,0.44390183687210083,-0.8589398264884949,2.466003656387329,1.2808932065963745,-0.1309540867805481,-0.7664279937744141,0.014074642211198807,1.9187999963760376,0.9373672604560852,-0.6069331169128418,-0.05763506516814232,2.1238245964050293,0.3073815107345581,-0.17273777723312378,-1.2535691261291504,-1.3483362197875977,-0.19293899834156036,2.148653984069824,2.1791276931762695,-1.46647310256958,0.21474707126617432,1.5150740146636963,0.83625727891922,0.8681962490081787,0.465788334608078,-0.48934197425842285,0.5697163343429565,-0.6163056492805481,-0.8408294916152954,-0.9777742624282837,-1.6736963987350464,0.06277837604284286,0.9867608547210693,-1.046726942062378,0.4105445444583893,0.012452286668121815,-1.194113850593567,-0.8024318218231201,-0.6888368129730225,-1.7225760221481323,1.0921838283538818,-0.9962534308433533,-0.21539705991744995,-0.7478009462356567,-0.9070422053337097,-0.4044514298439026,1.3537508249282837
amazon-phones.csv,0.6166797876358032,0.7141004800796509,0.6558265686035156,0.4461544454097748,1.482208013534546,-0.2951487898826599,1.436992883682251,-0.11496976763010025,0.8330015540122986,-0.7573503851890564,0.10617128014564514,-0.08632056415081024,-0.21839480102062225,0.9690552353858948,-0.39590469002723694,0.23034422099590302,0.2836417555809021,-0.5796625018119812,0.45234349370002747,-0.13363809883594513,1.820523738861084,-2.603546380996704,0.50335693359375,1.4863049983978271,-0.9081168174743652,-0.09649503231048584,-1.222188949584961,-2.674332857131958,0.38217511773109436,-0.17188486456871033,1.4128379821777344,0.201392263174057,0.5983835458755493,-0.3532767593860626,-0.46408817172050476,0.319610595703125,-0.28626519441604614,-1.398517370223999,0.646448016166687,0.9878812432289124,-0.5958303809165955,0.7014516592025757,-1.1833323240280151,-0.3230494260787964,1.4458891153335571,0.2567690312862396,-2.000857353210449,-0.2237434983253479,-0.14794324338436127,0.9688279032707214,-0.7859553694725037,0.7786427140235901,-1.200926423072815,0.9885286688804626,-0.5598987340927124,1.2663683891296387,2.025463104248047,0.048312801867723465,-1.2651233673095703,0.9859552979469299,0.6503834128379822,0.638967752456665,-0.3291953504085541,0.23003730177879333,1.2533320188522339,0.2539052963256836,-1.1499311923980713,-2.061920404434204,-1.1427687406539917,-0.7468790411949158,0.49832308292388916,1.7277339696884155,-1.3979214429855347,0.07895151525735855,1.0855729579925537,0.007374955806881189,1.5440922975540161,0.1789223551750183,-0.4674154222011566,-0.23321591317653656,-0.19524554908275604,0.08069800585508347,-1.1395032405853271,-1.0042929649353027,0.6257645487785339,1.1255409717559814,-1.3753714561462402,-0.9951635599136353,-0.21062061190605164,-1.2001529932022095,-0.9505069851875305,-0.9149845242500305,-1.3491870164871216,1.8941923379898071,-1.2091089487075806,-0.7205257415771484,-0.3242224156856537,-1.1958577632904053,-1.3000541925430298,0.9476154446601868
movietweetings_recsys2014.csv,1.0312798023223877,0.8369934558868408,1.1687334775924683,2.071155309677124,1.6716264486312866,0.03814363852143288,0.34967681765556335,0.24092264473438263,-1.3461259603500366,0.48218271136283875,0.36141344904899597,-0.39477354288101196,-0.17288421094417572,-0.6491796970367432,-0.2585873305797577,2.877145528793335,0.404981404542923,-0.8786852955818176,0.8401913642883301,-0.7073218822479248,1.4923813343048096,-0.5062159299850464,0.9288187026977539,1.1117422580718994,-0.10470370203256607,-0.8719155788421631,-0.9093123078346252,-1.8138799667358398,1.3281883001327515,-0.392269104719162,0.4466610252857208,0.057257845997810364,0.7859043478965759,-0.6935962438583374,0.8995499610900879,0.33874133229255676,0.5137501358985901,-1.8712785243988037,-0.9975231885910034,0.5605508089065552,-0.682433009147644,0.9386630058288574,1.444504737854004,0.9595166444778442,-1.1301172971725464,1.2146435976028442,-0.16037540137767792,-0.25052258372306824,0.36155760288238525,0.9159515500068665,0.5169808268547058,-0.04873540252447128,0.0635095089673996,0.04708804935216904,-2.015869617462158,0.5408835411071777,1.2487232685089111,0.6294817328453064,-0.7678380608558655,-0.3695289194583893,1.3958778381347656,-0.6829673051834106,0.27061429619789124,1.3031055927276611,2.1320109367370605,-0.048479340970516205,0.09177995473146439,-1.5162500143051147,0.015036390163004398,0.4052267372608185,1.3943965435028076,1.6901519298553467,-1.5091856718063354,0.122126005589962,0.441806823015213,1.0566736459732056,1.0640677213668823,0.9082964062690735,-0.389159232378006,-0.2961997389793396,-0.03728063777089119,-0.9668713808059692,-0.09118562936782837,-0.5390870571136475,0.5864065289497375,1.8154886960983276,-1.2432376146316528,1.3446377515792847,0.9358459115028381,-0.36714911460876465,-0.7386906743049622,-1.2893763780593872,-1.0118305683135986,1.9713542461395264,-1.0257983207702637,0.21058259904384613,-0.32781121134757996,0.17997194826602936,-0.9599180817604065,1.358075499534607
movielens20m.csv,1.0470696687698364,1.642756700515747,-0.5604779124259949,-0.042948298156261444,1.4995934963226318,-1.073793649673462,-0.4747227728366852,-0.23514452576637268,-0.4576180577278137,0.0846603512763977,1.1145554780960083,-0.05665605887770653,-0.83220374584198,0.29885372519493103,-0.3465489447116852,1.7507628202438354,-1.2828220129013062,-0.12976256012916565,-1.1592334508895874,-0.8178904056549072,1.0413439273834229,-1.0320779085159302,0.595272421836853,1.0680768489837646,-0.9695908427238464,-1.2419190406799316,1.5252037048339844,-0.9063987731933594,0.06368283182382584,0.4532615542411804,1.3467092514038086,-0.9714635014533997,1.5385408401489258,-1.318821907043457,-0.1631147265434265,-0.589970588684082,1.6834890842437744,-0.9303672313690186,-0.4615873098373413,-0.6176648139953613,-0.5015929341316223,0.595990002155304,0.7710509896278381,2.1648709774017334,0.5149394869804382,0.3936963975429535,-1.8041552305221558,-0.771557092666626,-0.6426272392272949,1.0334877967834473,-0.8869478702545166,2.2978034019470215,-1.7835582494735718,0.7379564642906189,-0.4078731834888458,0.16762137413024902,1.8927961587905884,0.6721036434173584,-1.0382040739059448,0.525539219379425,1.3647809028625488,0.13767656683921814,0.029085244983434677,-0.5474364161491394,0.192477285861969,0.14527277648448944,-0.14450275897979736,-1.7585186958312988,-0.751007080078125,0.43543365597724915,1.8245376348495483,1.1597297191619873,-0.5131987929344177,-0.4782329499721527,-0.6750651001930237,0.9528244137763977,1.5332187414169312,0.137550488114357,0.28492578864097595,0.826871931552887,-1.0466017723083496,0.5043044090270996,-1.1015318632125854,0.43929484486579895,0.6512061953544617,0.7937979698181152,-1.5457770824432373,-1.0915049314498901,0.6738342642784119,-1.449487566947937,-0.911360502243042,-0.4566744267940521,-1.0795563459396362,1.6869264841079712,0.6143258810043335,-0.33826032280921936,1.4789968729019165,-0.4258282482624054,-1.1727454662322998,0.25816306471824646
amazon-beauty.csv,0.12902545928955078,0.9787287712097168,-0.41672849655151367,0.7180156707763672,1.5156481266021729,0.7965341806411743,0.8012874126434326,0.679163932800293,1.1516669988632202,-0.39502033591270447,-0.6628322005271912,-0.20015224814414978,0.19026020169258118,0.6464470624923706,-0.3360360860824585,1.1527925729751587,0.4218868613243103,-0.3510112166404724,1.1843750476837158,-0.6847115159034729,1.503378987312317,-1.3909794092178345,0.3606764078140259,0.9309512376785278,-0.6992824673652649,-0.7117657661437988,-0.9878044128417969,-2.5478014945983887,0.948422908782959,1.297541856765747,1.4734028577804565,-0.38087186217308044,0.7340500354766846,-0.16634555160999298,-0.43057575821876526,-0.2587420344352722,0.19660574197769165,-0.8503335118293762,0.7063164114952087,0.3071589767932892,-0.5868901014328003,2.0092568397521973,-0.7101125717163086,-0.18852922320365906,0.645355224609375,0.16642148792743683,-2.7334351539611816,-0.2858409583568573,-1.055961012840271,0.7281680107116699,-0.19508452713489532,1.8738559484481812,-0.4802606701850891,0.6467332243919373,-0.6983451247215271,1.2911102771759033,2.3034801483154297,-0.41394269466400146,-0.5184043645858765,0.6141853332519531,0.5149266123771667,0.3493511378765106,-0.442687064409256,-0.39067745208740234,1.2296918630599976,0.6462551951408386,-0.2373257726430893,-1.428898572921753,-0.9766982793807983,-1.2452383041381836,0.4923383295536041,1.8881367444992065,-0.8676456809043884,-0.10819674283266068,0.5574025511741638,-0.4058631956577301,1.6948273181915283,0.30262669920921326,-0.1289694756269455,0.33104845881462097,-0.1538117527961731,-0.7360262274742126,-1.4147979021072388,-0.6118361949920654,0.6533322334289551,0.5937807559967041,-2.358090400695801,-0.5130742192268372,-0.5951141715049744,-2.0064873695373535,-1.2278826236724854,-0.1953648179769516,-1.856619954109192,1.389967441558838,-0.43847447633743286,0.21663698554039001,-1.0059964656829834,-0.9682230949401855,-0.6193649172782898,1.2942695617675781
amazon-home.csv,0.07898672670125961,0.5185384154319763,-0.5160262584686279,0.7179660797119141,1.9932646751403809,-0.8729883432388306,0.8773102164268494,0.8530275821685791,1.1075494289398193,-0.4550732374191284,-0.7978094220161438,-0.647229015827179,-0.24475839734077454,1.6557085514068604,0.48010146617889404,0.32285550236701965,0.3500220775604248,-0.20205645263195038,0.33807140588760376,-0.4923006296157837,2.057612657546997,-1.7779390811920166,1.329742431640625,0.47775813937187195,-0.7605389356613159,-0.4723704159259796,0.6903434991836548,-2.9066786766052246,0.8207835555076599,0.8298665285110474,1.055871844291687,0.47423025965690613,1.972909688949585,-0.08773043006658554,-1.4615588188171387,-0.6837126612663269,-0.26167383790016174,-1.0541683435440063,0.04337532818317413,0.5097283720970154,-0.8699683547019958,1.1147874593734741,-0.29724544286727905,0.06974268704652786,0.9013435244560242,-0.0476982407271862,-1.7453913688659668,-0.1642621010541916,0.04192075878381729,0.9684135317802429,-0.12188361585140228,1.0560904741287231,-0.7340484857559204,0.0031724274158477783,-0.1927228569984436,1.6507445573806763,2.1204617023468018,-0.11566884070634842,-1.1829694509506226,0.4879928231239319,1.1535192728042603,0.4199182987213135,-0.9111010432243347,-0.11112407594919205,2.428363084793091,0.3728855550289154,-0.466065913438797,-0.6655012965202332,-0.8624787330627441,-0.8687982559204102,0.415252149105072,2.28645396232605,-0.9061766266822815,0.6007902026176453,1.330585241317749,0.8564503788948059,0.8667653799057007,-0.005556005984544754,-0.3506251275539398,0.6610585451126099,-0.44479992985725403,-0.07099416851997375,-1.0803099870681763,-1.215767741203308,0.3857162296772003,0.9642656445503235,-1.5253556966781616,-0.3259449601173401,-0.6268853545188904,-2.452951431274414,-0.6696422100067139,0.4666440486907959,-1.085020899772644,0.7975044250488281,-0.5705437660217285,-0.7319631576538086,-0.3141389489173889,-1.2564750909805298,-0.2810726463794708,0.7018259763717651
amazon-instant-video.csv,-0.8658443689346313,0.410081148147583,-0.41882213950157166,0.42717209458351135,0.08846007287502289,-0.7634403705596924,0.5096678137779236,0.969793438911438,0.6147609949111938,0.15247833728790283,-0.08660577237606049,0.5957847237586975,-0.33236098289489746,2.2890522480010986,0.9299516677856445,0.7816770076751709,-0.8166355490684509,0.4805172085762024,0.5027175545692444,-0.27728956937789917,1.317537784576416,-2.686353921890259,0.2137509137392044,0.5344562530517578,-0.013251903466880322,0.1848108321428299,-0.11361876130104065,-1.0559754371643066,1.0604438781738281,0.5269801020622253,1.6422175168991089,-0.24532495439052582,1.8002839088439941,-0.5404069423675537,-0.18621911108493805,-0.5708326101303101,-0.0023112879134714603,0.6637143492698669,0.32290637493133545,0.4979207515716553,-1.2122350931167603,1.3182549476623535,-0.41677016019821167,0.9633905291557312,1.3818906545639038,0.1675768792629242,-2.6813406944274902,0.7800005674362183,-0.5248593688011169,0.44521403312683105,0.1248798593878746,1.3221046924591064,0.08479885011911392,0.5304833650588989,-0.03983571380376816,0.9884096384048462,1.8824189901351929,-0.8280835747718811,-1.098775863647461,-0.37664586305618286,2.2646145820617676,0.5974709391593933,0.24528782069683075,0.3985385000705719,1.4452416896820068,0.1263130158185959,-0.9285297989845276,-1.8308186531066895,-0.6239511370658875,0.6335527896881104,0.5602969527244568,2.7958052158355713,-0.4789908230304718,0.2944023907184601,1.8580436706542969,1.350563406944275,1.4811724424362183,-0.12089178711175919,-0.5688735842704773,-0.7082474827766418,-0.15458448231220245,0.48436078429222107,-0.5599098801612854,-1.2502063512802124,1.1409275531768799,1.1091734170913696,-1.3249434232711792,-0.28118354082107544,-1.7204670906066895,-0.7550103664398193,-0.3028598427772522,0.3166966438293457,-0.7171236872673035,1.5108788013458252,-0.27223801612854004,-0.825833261013031,-0.7792202234268188,-0.7951440215110779,0.3170207440853119,1.0048598051071167
jester3.csv,-0.19414019584655762,0.7544462084770203,0.8533039689064026,-0.09240211546421051,2.2518973350524902,-0.19377073645591736,1.4860444068908691,0.33222171664237976,0.3639417588710785,1.1840533018112183,0.8614515066146851,0.25391653180122375,0.5345777869224548,1.8262882232666016,0.45643559098243713,1.5773602724075317,-0.5128393769264221,-0.3192402720451355,0.030080247670412064,0.10294370353221893,0.6821431517601013,-0.9234809279441833,0.634536862373352,0.7090833783149719,-1.9343963861465454,0.33061733841896057,-0.25141510367393494,-1.62062668800354,-0.5266221165657043,0.4248080849647522,-0.035002369433641434,0.6384695172309875,1.782119631767273,-0.08339916169643402,-1.3143504858016968,-0.8272860646247864,0.8492744565010071,-1.0100867748260498,1.0535805225372314,1.1288920640945435,-0.2937530279159546,-0.17654949426651,1.2473106384277344,1.2166004180908203,0.5498452186584473,0.40091896057128906,-1.5836155414581299,-0.60533207654953,0.4391176700592041,1.5787676572799683,0.12528792023658752,0.9520101547241211,0.16507744789123535,0.8520045280456543,-0.8250309228897095,0.5950643420219421,0.23814725875854492,-0.5030184388160706,-0.4077211916446686,-0.07017044723033905,-0.042284537106752396,-0.6993847489356995,-0.4608033001422882,0.9930194020271301,0.04434295371174812,1.0266518592834473,0.017055699601769447,-0.23685288429260254,-0.39073216915130615,-0.3149019181728363,0.23036311566829681,3.0532472133636475,-0.9793438911437988,0.7742172479629517,0.1197594478726387,0.711955726146698,-0.7659571170806885,0.09119114279747009,-0.6645046472549438,-0.3964027166366577,-1.1679043769836426,-0.44881266355514526,-2.4413211345672607,2.9653160572052,1.0824609994888306,0.24627922475337982,-2.762871265411377,1.06468665599823,0.33917027711868286,-0.8603867888450623,0.5710019469261169,-0.08176469057798386,-0.16880156099796295,-0.07920510321855545,1.2948298454284668,-0.7894126176834106,0.13390307128429413,-0.4969887137413025,-0.10560061782598495,2.1578855514526367
movietweetings_latest.csv,-0.657654345035553,1.653106451034546,0.5231079459190369,-1.039954662322998,0.13105902075767517,0.24624966084957123,1.9955487251281738,-0.31544730067253113,-0.45300939679145813,-0.487398624420166,0.8029035925865173,1.9270117282867432,-0.7168079018592834,0.592262864112854,-0.7476854920387268,1.0342764854431152,-0.18003712594509125,0.07139599323272705,0.024760454893112183,0.4768657684326172,1.4081707000732422,-0.37174779176712036,-0.11623822152614594,0.3240613639354706,-0.5466146469116211,-0.05521589145064354,-0.6225576400756836,-0.7554222345352173,1.146379828453064,0.2362045794725418,0.6794167160987854,-1.729738712310791,1.2709283828735352,-0.03542511537671089,-0.7039566040039062,-0.8429188132286072,0.14899872243404388,0.024983761832118034,-0.5285779237747192,0.31768032908439636,1.0187640190124512,0.9738938808441162,0.07744819670915604,0.9026895761489868,1.3194639682769775,1.641070008277893,-1.8755271434783936,-0.7532131671905518,-0.21716655790805817,0.5815712809562683,-1.3168498277664185,0.9689242839813232,0.5186620950698853,0.4487477242946625,-1.5154259204864502,-0.12437582015991211,1.8368325233459473,1.2711513042449951,-1.299867868423462,-0.9171008467674255,0.7272844314575195,-0.6147096753120422,-1.3386025428771973,0.8808665871620178,1.757505178451538,-0.27590304613113403,1.3205763101577759,-1.1140540838241577,-0.5706126689910889,0.9481399655342102,1.9244240522384644,1.3559014797210693,-2.1419596672058105,0.7538266777992249,1.193753957748413,0.26057755947113037,1.2978508472442627,0.3154425621032715,0.1811424046754837,0.7320980429649353,-0.6155966520309448,-1.065617561340332,-0.27562516927719116,0.4545717239379883,1.3606836795806885,0.32790815830230713,-2.393573045730591,0.21904432773590088,0.7045512795448303,-1.2705202102661133,-1.4497867822647095,-0.5810156464576721,-1.6762516498565674,1.3048040866851807,-0.8905362486839294,-0.405527800321579,0.08967118710279465,-0.9478332996368408,0.4965936839580536,1.1936417818069458
amazon-movies.csv,0.625178873538971,1.4707958698272705,-0.8443394303321838,0.016810279339551926,1.0881565809249878,-0.09318114072084427,0.9104758501052856,-0.2228976935148239,1.1598645448684692,-0.046578288078308105,0.23893064260482788,0.4591604769229889,-0.4819765090942383,1.2368565797805786,0.4252990484237671,1.7389999628067017,-0.16555778682231903,0.5158692598342896,-0.8087929487228394,-0.690123438835144,1.7158018350601196,-2.4116852283477783,-0.5768366456031799,-0.22116348147392273,0.8769803047180176,0.42386046051979065,-0.17942100763320923,-0.4895826280117035,0.3973146378993988,-0.4696974456310272,1.7988159656524658,0.015288170427083969,2.1123647689819336,0.4978436231613159,-0.31207001209259033,-0.8718173503875732,0.5377303957939148,0.5159465074539185,-0.15695995092391968,0.7950378060340881,-1.8336994647979736,0.379646360874176,0.4568024277687073,-0.6520507335662842,1.0160272121429443,-0.2882821559906006,-1.7605763673782349,-0.6352635025978088,-0.37955987453460693,1.790502667427063,-1.203678846359253,0.45317542552948,-0.7124929428100586,-0.7525891661643982,0.2884053587913513,0.374429851770401,0.47384199500083923,0.059349335730075836,-1.4749927520751953,0.6741585731506348,1.7509900331497192,-0.03054221346974373,-0.42025506496429443,0.9281823635101318,0.7903635501861572,2.1024067401885986,0.3050493597984314,-2.327197313308716,0.10388219356536865,-0.04202552139759064,1.6554428339004517,1.823590874671936,-0.7376301288604736,0.3926047384738922,-0.22771556675434113,0.934809684753418,0.9947742819786072,1.4652671813964844,0.14629235863685608,-0.9141330122947693,-1.5663294792175293,-1.4813424348831177,-0.7899281978607178,-0.3136970102787018,0.21341551840305328,1.4454255104064941,-0.5543903708457947,0.28826889395713806,0.7856837511062622,-0.5269431471824646,-0.5469517111778259,-0.2971360385417938,-2.2921531200408936,2.267777919769287,-0.6305346488952637,-0.43386226892471313,-0.31037437915802,-0.20143550634384155,-0.6072739958763123,0.979164183139801
flixter.csv,-0.9695098996162415,0.6221489310264587,1.0005992650985718,0.13500288128852844,0.18654227256774902,-0.15834181010723114,1.3669543266296387,1.5856761932373047,-0.1852513551712036,-0.984246551990509,-0.03834753856062889,-1.3358616828918457,0.7041519284248352,1.526999592781067,-0.8802383542060852,1.8890639543533325,-1.006390929222107,0.5988648533821106,0.18335407972335815,-0.17857734858989716,0.48801389336586,-1.2724456787109375,-0.9933843016624451,1.053675651550293,-0.9339016675949097,-0.3728928864002228,-0.9451005458831787,-0.9861359596252441,0.39571917057037354,1.02867591381073,-0.572418749332428,-0.3776569664478302,1.8101317882537842,-1.5009790658950806,0.205852672457695,-0.1888880431652069,1.0532939434051514,0.19709870219230652,0.3274964392185211,1.4788591861724854,-0.4541245400905609,0.033248793333768845,-0.5643036365509033,0.26095038652420044,1.4810303449630737,0.5925256013870239,-1.612084984779358,-0.07715042680501938,-0.6122389435768127,0.261137992143631,-0.7125791907310486,0.07992523163557053,-0.19209513068199158,0.9147361516952515,-0.5554269552230835,0.29623347520828247,1.5767498016357422,0.7209360003471375,-0.7894232273101807,0.8937722444534302,1.6216622591018677,-0.3941364586353302,0.12638229131698608,1.467476487159729,0.6669811010360718,0.9665502309799194,1.2080579996109009,-2.6283621788024902,-0.5683645009994507,-1.0528334379196167,0.8764562010765076,2.1225149631500244,0.05860866606235504,0.23071658611297607,0.43063563108444214,0.5935966372489929,1.22569739818573,-0.21258188784122467,-1.296944260597229,-0.6106551289558411,-0.39817014336586,-1.699038028717041,-1.5105525255203247,-0.11660541594028473,0.6834440231323242,1.323858618736267,-0.5442023873329163,-1.373384714126587,1.2108442783355713,-2.7669858932495117,0.0564921610057354,-0.24065305292606354,-1.5447261333465576,1.5291154384613037,-1.1231845617294312,-0.8257875442504883,0.09868981689214706,-0.16740794479846954,0.1904851645231247,0.7603455185890198
yahoo-movies.csv,0.6476154923439026,0.7342066764831543,1.0019959211349487,-0.20955617725849152,2.4065678119659424,-0.12057706713676453,0.7414934635162354,-0.8308597207069397,1.5113145112991333,1.4207041263580322,0.7381365299224854,0.5545219779014587,0.6970073580741882,1.8792169094085693,0.45974814891815186,1.3305169343948364,-1.359033226966858,0.10207264870405197,-0.6942884922027588,0.42748498916625977,1.2319400310516357,0.1445731669664383,0.6599581837654114,0.14864757657051086,-0.588512122631073,-0.9400326013565063,-2.092005729675293,-0.8093380331993103,0.0885140672326088,-0.40711069107055664,1.3716554641723633,0.2589089572429657,0.3093481659889221,0.15061910450458527,-0.9182824492454529,0.4802793562412262,1.0745768547058105,-0.3963310420513153,0.13241523504257202,1.1043944358825684,-1.0035171508789062,0.8016799092292786,1.2776727676391602,-0.43855389952659607,1.253549337387085,0.17407797276973724,-2.0688364505767822,-1.0925803184509277,-0.5412871241569519,0.08822384476661682,0.13911721110343933,1.118120551109314,-0.9659135937690735,0.6874012351036072,-1.271492838859558,0.022727424278855324,1.2767157554626465,1.6849285364151,0.0631549060344696,0.08100593090057373,2.064739227294922,0.6215663552284241,-0.4553031623363495,0.4687656760215759,2.022477388381958,-0.6743077635765076,1.0153207778930664,-1.5365012884140015,-0.9295867681503296,-0.608250617980957,1.2755804061889648,2.258735179901123,-0.48247602581977844,-0.03880990296602249,-0.026626361533999443,0.8360469341278076,1.9837143421173096,-1.0496740341186523,-0.1651955395936966,-0.15856771171092987,0.12140554934740067,-0.5718823075294495,-1.6601299047470093,-0.5223348736763,0.9241717457771301,1.495314598083496,-1.5674240589141846,-0.8429955840110779,0.10811032354831696,-1.448604702949524,0.25913241505622864,-0.7223333716392517,-1.0857741832733154,1.1031912565231323,0.15311706066131592,-0.6898568868637085,0.19126419723033905,-0.18009908497333527,-0.02555561438202858,1.1116714477539062
amazon-toys.csv,0.5334892868995667,0.3652826249599457,-0.033285532146692276,0.6326753497123718,1.2596728801727295,-0.15532779693603516,1.2410701513290405,1.3967128992080688,1.038953185081482,0.49622127413749695,-1.3003214597702026,0.19715616106987,0.08365043252706528,1.189759612083435,0.5753803849220276,0.604028046131134,-0.7461145520210266,-0.5428996682167053,0.04142375290393829,-0.3215247094631195,1.8084826469421387,-2.1478240489959717,0.9316219687461853,0.6469823718070984,-1.0592530965805054,-0.029438301920890808,0.6221476197242737,-2.2126712799072266,0.8437637686729431,0.5797576308250427,0.292447954416275,0.28697678446769714,1.4616724252700806,-0.3273637294769287,-1.5157756805419922,0.30837908387184143,-0.6987250447273254,-0.3944108188152313,0.20129045844078064,0.6674215197563171,-0.9501839280128479,0.7894803285598755,-0.4040846824645996,0.22624914348125458,0.9261624813079834,0.1981942355632782,-2.131376028060913,-0.306558758020401,-0.029715877026319504,0.14121736586093903,-0.09562747180461884,0.569730818271637,-0.7170746922492981,0.45988646149635315,0.12860386073589325,1.4266737699508667,2.641981840133667,-0.11605977267026901,-1.0504825115203857,0.2775142788887024,1.346959114074707,0.1301514059305191,-1.1896413564682007,0.27530139684677124,2.7473740577697754,0.6410742998123169,-0.5236538648605347,-0.9473104476928711,-1.4117767810821533,-0.4650513827800751,0.6350090503692627,1.868280053138733,-1.548932671546936,-0.0041886852122843266,1.5111068487167358,0.9130799770355225,0.7552122473716736,-0.5380942821502686,-0.5082632899284363,0.7653245329856873,0.23118261992931366,-0.06947236508131027,-0.862751841545105,-0.690079391002655,0.4519343078136444,1.004705786705017,-1.4845685958862305,-0.6726391315460205,-0.7289721965789795,-2.851226806640625,-0.638823390007019,-0.03490126505494118,-0.8875823020935059,0.7467820048332214,-1.287198543548584,-1.2169338464736938,-0.22974976897239685,-1.1261029243469238,0.041257381439208984,1.0040792226791382
jester2.csv,0.6810831427574158,-0.6755951046943665,1.7886008024215698,0.9656847715377808,1.4699950218200684,0.9479140043258667,1.2637041807174683,-0.10251112282276154,0.3525541126728058,-1.008766531944275,-0.4792163670063019,0.6340465545654297,-0.4862808883190155,1.2146365642547607,0.45960041880607605,1.7369632720947266,0.1590990424156189,-0.06228025630116463,0.30405572056770325,-0.8370445370674133,1.53062903881073,-1.0609378814697266,0.4711325168609619,1.1796718835830688,0.8433582782745361,-1.5570118427276611,-0.668364942073822,-1.128868818283081,0.40468868613243103,-0.08171901106834412,0.28158333897590637,-0.11007652431726456,1.810983419418335,-0.7137827277183533,-0.8761882781982422,-1.171277403831482,0.10218436270952225,0.9757464528083801,0.042326536029577255,-0.9302433133125305,0.016230924054980278,1.5093287229537964,-0.48076897859573364,0.35755178332328796,1.2722824811935425,0.8305272459983826,-1.1960076093673706,-0.4352796971797943,-0.82876056432724,-0.8353113532066345,0.25577372312545776,0.2836746573448181,-0.7850029468536377,1.014411449432373,-1.0020591020584106,1.2048325538635254,1.391208291053772,-0.4367614686489105,-0.032337430864572525,0.5635814666748047,0.36304330825805664,-0.7234601974487305,1.6789311170578003,-0.5633338093757629,1.2797998189926147,1.5566164255142212,-0.5527984499931335,0.2034413367509842,0.04789683222770691,-1.6465871334075928,0.585329532623291,2.8359601497650146,-0.5629361867904663,0.9514186382293701,-1.8603993654251099,0.9262480139732361,1.4321074485778809,-0.4635090231895447,-0.21304850280284882,-0.3006914556026459,-0.7304331064224243,-0.4633289575576782,-0.8954564332962036,0.25635114312171936,-1.0896319150924683,1.5679597854614258,-1.960482120513916,-0.9573079347610474,0.02555937133729458,-1.1871588230133057,0.22296831011772156,-1.6785978078842163,-1.007019281387329,1.719681739807129,-0.4467236399650574,-1.041299819946289,1.325575351715088,-0.2282230257987976,1.2376497983932495,0.09139838814735413
amazon-digital-music.csv,-0.078684002161026,0.6304540634155273,-0.8886820673942566,-0.05697089433670044,0.7943501472473145,-0.32211512327194214,1.1924893856048584,0.8619292378425598,0.2949480712413788,-0.016701657325029373,-0.47042590379714966,-0.23749910295009613,0.2268368899822235,1.19417142868042,0.0022096727043390274,0.7875062823295593,-0.27912217378616333,-0.07658734917640686,1.3788022994995117,-0.6839818358421326,1.7859123945236206,-2.0230886936187744,0.2485356330871582,0.950598955154419,-0.6483261585235596,0.6440231204032898,-1.4295010566711426,-1.9502357244491577,0.7416650652885437,0.8660468459129333,1.439488172531128,-0.15057063102722168,1.1462504863739014,0.07611796259880066,-0.8276410102844238,-0.49297723174095154,-1.007995367050171,-1.240659475326538,-0.029946401715278625,0.6529500484466553,-1.0673960447311401,1.4407252073287964,-0.34156203269958496,0.6265180706977844,-0.47951942682266235,0.6869500875473022,-2.262713670730591,-0.8042660355567932,0.7181099653244019,1.4445346593856812,0.6165823340415955,0.9135997295379639,0.04975088685750961,0.5038079023361206,-1.4663140773773193,1.3764193058013916,1.15455162525177,-0.4470682740211487,-1.369815707206726,1.0139847993850708,1.502567172050476,1.253683090209961,0.42545562982559204,-0.43259933590888977,0.7526004910469055,-0.5429250001907349,-0.5293301939964294,-1.239195704460144,-1.513029932975769,-0.2902337908744812,1.0248637199401855,1.9141374826431274,-1.4458357095718384,1.5072115659713745,0.7768910527229309,0.558960497379303,2.187532424926758,-0.5072022080421448,-0.7197147607803345,-0.176557719707489,-0.6059054732322693,-0.7141930460929871,-1.2514705657958984,-1.2224375009536743,-1.160229206085205,0.2725699245929718,-1.4781126976013184,0.5178860425949097,-1.5632349252700806,-2.1377270221710205,-0.0829867273569107,-0.19819249212741852,-0.7322980165481567,1.3066778182983398,-1.1049028635025024,-0.44173967838287354,-0.8613414168357849,-0.5068930387496948,0.03381451591849327,0.5678099393844604
movielens_latest.csv,0.9061766266822815,0.6491305828094482,0.22280442714691162,-0.13331113755702972,1.0353714227676392,-0.005996295716613531,0.2686648666858673,0.053291358053684235,0.9464578628540039,-0.9529154300689697,-0.20890018343925476,-0.2158251702785492,-0.18999139964580536,0.9733927845954895,0.26734423637390137,1.9688483476638794,0.24195584654808044,1.239723563194275,-0.6615056395530701,-0.06098249554634094,1.3384329080581665,-1.2089256048202515,1.501702070236206,0.1359189748764038,0.6169254779815674,-1.8408031463623047,-0.023363623768091202,-0.7691974639892578,0.8888835310935974,0.3899742662906647,1.208237648010254,0.26954057812690735,0.47580617666244507,-0.4081854522228241,0.9661263227462769,-1.2040075063705444,1.5020780563354492,-1.1815646886825562,0.8267900347709656,-0.34107330441474915,-0.6471700072288513,0.21043901145458221,-1.2659528255462646,0.8372200131416321,1.3826152086257935,-0.09815166145563126,-2.184756278991699,0.4224070906639099,1.1010611057281494,1.6896542310714722,0.12661825120449066,0.3764720857143402,0.23657631874084473,-0.9944176077842712,-0.3481229543685913,0.006027813069522381,3.3474175930023193,0.6336935758590698,-0.1734926998615265,-0.08611614257097244,1.9761263132095337,-1.1866389513015747,-0.6423322558403015,-0.889264702796936,-0.30720365047454834,0.27218854427337646,1.895726203918457,-1.4297888278961182,-0.33690276741981506,0.7145219445228577,0.5847779512405396,1.3646866083145142,-1.1875180006027222,-0.7596296668052673,-0.2599180042743683,1.3177098035812378,-0.5264056324958801,-1.1813344955444336,-0.7622644305229187,0.6185246706008911,-1.0582040548324585,0.45518288016319275,-1.9877691268920898,0.058508001267910004,-0.42417559027671814,1.2711188793182373,-1.9603513479232788,-0.38481640815734863,-0.3070700466632843,-2.1466403007507324,-0.7978327870368958,-0.3940476179122925,-1.043387770652771,1.2928670644760132,-0.2834259569644928,0.27837100625038147,-0.3223796486854553,-0.9931907653808594,-0.08312542736530304,-0.5082701444625854
jester1.csv,0.3945472538471222,-0.4409887492656708,0.6297330856323242,1.3543977737426758,1.4369285106658936,-0.12919609248638153,0.3298778235912323,-0.18877995014190674,0.8156300187110901,-1.7832869291305542,0.6429115533828735,0.9299426674842834,0.4919256567955017,0.7333705425262451,-0.5509030222892761,0.23062799870967865,-0.8733656406402588,0.08006167411804199,0.77350914478302,0.3279869556427002,0.9032704830169678,-1.212664246559143,0.07755599915981293,1.4023891687393188,0.6259480118751526,-0.4927368760108948,0.414959579706192,-1.5617059469223022,1.0203496217727661,1.151532769203186,0.5730904936790466,-0.03633953630924225,0.7285404801368713,-0.017018165439367294,-1.1905096769332886,0.4575654864311218,0.07098305225372314,-0.23526827991008759,-0.6242247223854065,-0.9090738892555237,0.027921853587031364,0.23245997726917267,1.775036096572876,0.8593481183052063,1.493726372718811,-1.5588006973266602,-2.140883445739746,-0.6861816644668579,0.5851413607597351,-0.25847068428993225,-0.14889945089817047,1.1435407400131226,-0.4783940613269806,-0.23897095024585724,-1.6856675148010254,0.32913121581077576,0.7036293745040894,1.5244121551513672,-1.1756733655929565,1.0143908262252808,0.9997187852859497,0.6901608109474182,0.2577856779098511,1.8270834684371948,-0.9109349250793457,1.3503260612487793,-0.6365664601325989,-0.5260065793991089,-2.137141704559326,0.5106101632118225,1.3093979358673096,1.0674294233322144,-1.165602684020996,0.5955755114555359,0.7772486209869385,0.5406832695007324,-0.3454146087169647,-0.9502636194229126,-0.25623756647109985,0.7392017245292664,-0.87669837474823,-1.0388844013214111,-1.8275502920150757,0.3997393548488617,1.188776969909668,1.0034215450286865,-2.3490681648254395,-1.2946021556854248,0.3548155725002289,-0.2960757613182068,-0.4254891872406006,0.6333447694778442,-1.3224507570266724,1.729301929473877,1.282303810119629,-1.7223585844039917,-0.48662033677101135,-1.7755736112594604,-0.623627781867981,0.9642935395240784
tripadvisor.csv,0.431535929441452,1.5079426765441895,0.4604552090167999,0.3932510316371918,1.086534023284912,1.0617268085479736,0.298807293176651,0.6958173513412476,0.08141110837459564,0.9186267256736755,-0.5907754898071289,-0.4331974685192108,0.1684974581003189,0.9925937652587891,-0.15719102323055267,1.9936124086380005,-0.7893509268760681,0.3885864019393921,0.1328003853559494,-1.4440362453460693,1.391039490699768,-1.5420951843261719,0.034105923026800156,0.17922766506671906,-0.44377899169921875,-0.6122301816940308,-1.3136694431304932,-2.216869831085205,0.20404870808124542,0.9664473533630371,1.378145694732666,-0.6457216739654541,0.960437536239624,0.25811365246772766,-0.2619086503982544,0.09090644866228104,-0.1650618016719818,-0.9064838290214539,0.4048426151275635,0.5119190216064453,-0.6657682657241821,1.5179556608200073,0.3586953282356262,0.5597034692764282,1.9802027940750122,-0.6587570905685425,-2.218412399291992,0.43322014808654785,0.008424470201134682,0.5564544200897217,-0.12524163722991943,0.8106285333633423,-0.8226874470710754,0.3599049150943756,-1.1326130628585815,2.337010145187378,1.7630480527877808,-0.3277449309825897,-0.8123106956481934,-0.814530074596405,1.7517987489700317,0.7586079835891724,-0.32335224747657776,-0.12389198690652847,1.2700738906860352,0.5991750359535217,0.24978190660476685,-0.6886359453201294,-0.6697828769683838,-0.8057352304458618,2.406942367553711,1.4566978216171265,0.20403191447257996,0.6248872876167297,1.0722248554229736,1.2016006708145142,0.6859701871871948,0.9373944401741028,-0.7744730114936829,-0.005577553994953632,-0.2691035270690918,-1.0342035293579102,-1.1671826839447021,-0.49149367213249207,0.03361815586686134,1.0471633672714233,-1.546761155128479,-0.26522552967071533,-0.0865204855799675,-2.0900487899780273,-0.7885782122612,0.03748316317796707,-1.9915598630905151,2.1400043964385986,-0.1498328596353531,0.20772294700145721,-0.6191709041595459,-0.867739200592041,-0.010077754966914654,0.8853321671485901
amazon-office.csv,0.4540703594684601,0.6086952686309814,-0.8260461091995239,-0.04759633541107178,0.6146311163902283,-0.20647373795509338,0.8483675718307495,0.7338507771492004,0.9562211036682129,0.35440686345100403,-0.5631150007247925,-0.13713379204273224,0.4004601240158081,1.0107544660568237,0.11465099453926086,1.796857237815857,-1.6301932334899902,0.5342557430267334,1.0574027299880981,-0.8883331418037415,0.9689863920211792,-1.9830913543701172,0.6328310966491699,0.7143832445144653,0.02450752444565296,0.09145208448171616,-0.4426615536212921,-1.9421007633209229,1.1097663640975952,0.7605336308479309,1.2580903768539429,-0.16335242986679077,-0.006794842425733805,0.2498093843460083,-1.1495106220245361,0.1941237896680832,-0.232527956366539,-0.7930586934089661,0.6828460097312927,0.09070289134979248,-1.2230180501937866,1.562837839126587,-0.1396326720714569,0.418980211019516,1.1835979223251343,0.5701950788497925,-1.9863651990890503,0.32828769087791443,-0.25524717569351196,0.2867322266101837,-0.18835540115833282,0.5301948189735413,-0.009900913573801517,0.8600435256958008,-1.0376057624816895,1.2218774557113647,2.627932071685791,-0.8916208148002625,-0.8473556041717529,0.7583158612251282,1.2630972862243652,1.4406378269195557,-0.14990444481372833,-0.48600783944129944,0.8386812210083008,0.4028586745262146,-0.5334059000015259,-1.4255790710449219,-1.2422287464141846,-0.9785745739936829,1.6984573602676392,1.5597707033157349,-1.0007630586624146,0.7336338758468628,1.837774634361267,1.7938870191574097,1.2661219835281372,0.7542198300361633,-0.08635713160037994,-0.0020611307118088007,0.21052515506744385,-0.657052218914032,-1.4298408031463623,0.26863574981689453,-0.9414293766021729,0.67760169506073,-2.4949862957000732,-0.1459355503320694,-0.5609824061393738,-2.0144808292388916,-0.3347771167755127,0.31362634897232056,-1.6204403638839722,1.4438098669052124,0.11541859060525894,-0.6896167993545532,-0.6894040107727051,-0.8002371191978455,0.2771601676940918,1.2522356510162354
